2 2 10707 7869
3 4 4833 13091 10679 1830
2 4 4833 13091 4848 10707
2 4 1830 13069 4848 10707
3 2 7869 3606
2 2 7869 1872
3 2 2407 13075
2 3 1408 4413 7853
2 4 1408 4428 10157 7315
2 3 7853 4343 12578
3 4 7853 7753 7414 7315
3 4 7853 7677 10198 1690
1 3 12578 7820 4765
3 25 12578 7820 1262 1857 10593 10624 4863 7883 4759 12685 1870 1873 4875 1769 7899 4775 10718 777 602 4869 1299 10249 12205 1341 4345
2 3 12578 10693 1690
1 3 12578 1832 12124
1 4 12578 7820 1854 6742
2 3 3010 7787 4765
3 3 3010 7787 3706
3 3 3010 515 6726
2 2 4765 3706
3 24 4765 1262 1857 10593 10624 4863 7883 4759 12685 1870 1873 4875 1769 7899 4775 10718 777 602 4869 1299 10249 12205 1341 4345
3 3 3706 10684 6726
3 23 3706 7718 10593 10624 4863 7883 4759 12685 1870 1873 4875 1769 7899 4775 10718 777 602 4869 1299 10249 12205 1341 4345
3 2 6726 3498
3 5 12603 1788 12593 10656 12682
3 5 12603 10611 11440 9669 3498
3 3 12603 1788 1848
3 18 12603 4759 12685 1870 1873 4875 1769 7899 4775 10718 777 602 4869 1299 10249 12205 1341 4345
3 3 12682 1671 3498
3 2 12682 7782
3 5 4872 4426 9615 6728 7782
3 15 4872 4426 4875 1769 7899 4775 10718 777 602 4869 1299 10249 12205 1341 4345
3 17 1848 12145 4790 1873 4875 1769 7899 4775 10718 777 602 4869 1299 10249 12205 1341 4345
3 8 3775 9583 11569 11585 3661 12276 1341 4345
3 2 3775 3763
3 5 3775 6797 9580 11567 3605
2 2 4753 761
3 11 9667 9711 11725 779 6607 9585 6662 9634 12205 1341 4345
3 4 9667 722 11695 3763
3 8 3763 6607 9585 6662 9634 12205 1341 4345
3 3 3763 749 11654
3 8 3605 6625 4270 1341 7435 4419 12223 12149
3 3 3605 6630 3778
3 4 3605 6625 4270 4345
3 2 3605 6778
3 6 3778 1341 7435 4419 12223 12149
3 3 4345 4417 10230
3 5 4345 7345 3602 598 6778
3 11 4345 7345 11662 10381 4445 9675 718 908 9850 9847 3878
3 5 490 6740 983 7893 1356
3 6 490 6740 983 4419 7435 4345
3 3 490 13196 12147
3 5 1356 4769 7807 10715 7683
3 5 1356 12223 4419 7435 4345
3 2 1356 12149
3 5 7683 12600 4666 6740 490
3 4 12149 7291 9601 4345
3 3 12149 10320 10230
3 9 10230 7629 4445 9675 718 908 9850 9847 3878
3 3 10230 10481 733
3 3 10230 6719 3732
3 13 7361 7644 7304 1424 4285 4342 4287 10247 1284 10174 12202 6719 3732
3 3 12505 7758 12698
3 5 7315 12214 1320 10198 1690
3 5 7315 12214 10327 4747 10687
3 19 7315 7386 10271 3513 4328 528 11733 3471 6665 3588 9697 9713 6699 6694 6876 4518 9911 9855 9814
3 3 1690 12673 10687
2 2 1690 12124
3 20 10687 10690 12155 7255 3513 4328 528 11733 3471 6665 3588 9697 9713 6699 6694 6876 4518 9911 9855 9814
3 2 10687 12553
2 3 10687 12673 12124
2 17 12553 9616 10556 9695 1663 10651 4865 4668 4742 1740 850 11814 4727 12303 11795 11757 9814
2 3 12553 4778 12124
3 8 9671 3677 6694 6876 4518 9911 9855 9814
3 4 9814 11757 7517 1562
3 12 1562 7517 823 12303 10387 941 9911 4518 6876 6694 3677 9671
3 5 1562 12374 7986 8115 853
2 18 12124 3781 10602 1789 9695 1663 10651 4865 4668 4742 1740 850 11814 4727 12303 11795 11757 9814
1 3 12124 12676 6742
3 7 4607 1432 6876 4518 9911 9855 9814
3 6 4799 4657 12303 11795 11757 9814
3 4 4799 7879 12573 10662
3 9 10662 12699 850 11814 4727 12303 11795 11757 9814
3 7 853 8115 4727 12303 11795 11757 9814
3 5 853 7747 4796 1972 12552
3 2 4975 12552
3 4 4975 12684 2102 12627
3 10 4975 12684 2102 12893 12848 1915 7981 10861 10504 10337
3 2 12552 12627
2 13 1827 1658 7684 7764 4742 1740 850 11814 4727 12303 11795 11757 9814
3 4 1827 12642 1809 12627
3 4 1827 7780 11772 4830
2 12 12627 9792 7999 7818 7821 12765 11814 4727 12303 11795 11757 9814
1 16 1815 7688 12633 10535 6887 7684 7764 4742 1740 850 11814 4727 12303 11795 11757 9814
2 3 1815 10711 4794
1 3 1815 12651 4741
2 3 1815 12651 1851
2 15 4794 4723 3869 1658 7684 7764 4742 1740 850 11814 4727 12303 11795 11757 9814
3 4 4794 4610 7760 1851
2 15 4741 10672 12535 10582 4865 4668 4742 1740 850 11814 4727 12303 11795 11757 9814
1 3 4741 1736 6742
2 2 4741 1851
3 24 6742 1854 1857 10593 10624 4863 7883 4759 12685 1870 1873 4875 1769 7899 4775 10718 777 602 4869 1299 10249 12205 1341 4345
3 21 1851 4857 7880 10706 4759 12685 1870 1873 4875 1769 7899 4775 10718 777 602 4869 1299 10249 12205 1341 4345
3 5 1851 7760 10587 4839 3750
3 17 1836 1752 1870 1873 4875 1769 7899 4775 10718 777 602 4869 1299 10249 12205 1341 4345
3 5 1836 7862 12620 10569 10595
3 2 1836 3750
3 4 1836 4772 10685 10618
3 4 10595 10569 12620 3750
2 19 10595 10569 7771 7840 4749 4723 3869 1658 7684 7764 4742 1740 850 11814 4727 12303 11795 11757 9814
3 2 10595 12586
3 2 10595 12646
2 18 3750 1875 7745 4749 4723 3869 1658 7684 7764 4742 1740 850 11814 4727 12303 11795 11757 9814
2 19 12586 7852 3855 3613 4760 4723 3869 1658 7684 7764 4742 1740 850 11814 4727 12303 11795 11757 9814
3 4 12586 7852 10606 4830
3 3 12586 9892 1678
3 2 12586 12646
2 16 4830 4760 4723 3869 1658 7684 7764 4742 1740 850 11814 4727 12303 11795 11757 9814
3 6 4830 10606 3708 10676 4757 1352
3 6 4830 10606 3708 10676 9892 1678
3 3 1352 9802 2043
3 4 1352 7834 1564 12361
3 2 2043 1618
3 2 2043 4567
3 8 1618 6803 7945 9829 10778 805 10504 10337
3 4 1618 6803 12778 12458
3 3 10337 1500 12313
3 4 10337 7628 12486 12401
3 8 10337 7628 12486 4577 6968 5001 7485 12458
3 4 12782 6987 5061 12369
3 3 12369 5061 12811
3 2 12369 10769
3 11 7552 7524 4464 7668 7480 10520 11942 7640 12325 12353 12381
3 4 7552 4535 1643 12313
3 13 12313 1643 1453 7524 4464 7668 7480 10520 11942 7640 12325 12353 12381
3 3 12313 1528 12401
3 3 12401 1503 12458
3 5 12401 7555 7599 1453 7552
3 8 12458 1503 10355 10410 4565 4650 7524 7552
3 3 12458 12778 4567
3 10 4567 4597 10477 4444 10355 10410 4565 4650 7524 7552
3 2 4540 10586
3 10 4540 7615 10615 10753 11717 8110 4565 4650 7524 7552
3 4 12361 1523 10457 12497
3 7 1678 10516 10391 7607 1523 10457 12497
3 2 1678 7458
3 4 1678 9892 10666 12646
3 7 7458 1586 7449 7607 1523 10457 12497
3 4 7458 12418 11788 12646
3 4 7458 7539 10393 1527
3 8 12646 11788 4691 11971 7306 10478 10393 1527
3 16 10618 12597 11667 4875 1769 7899 4775 10718 777 602 4869 1299 10249 12205 1341 4345
3 3 10618 12693 1734
3 13 1734 6767 7899 4775 10718 777 602 4869 1299 10249 12205 1341 4345
3 3 1734 7776 4029
3 3 12357 9657 4166
3 2 12357 12456
3 4 12357 9450 6713 9654
3 8 4029 10526 4664 1831 9910 10478 10393 1527
3 5 4029 9678 703 4834 4166
3 4 4029 7829 926 12456
3 4 4029 9678 10599 4854
3 3 4166 926 12456
3 3 4166 4738 4854
3 2 12456 12312
3 4 12312 9450 6713 9654
3 5 12312 12368 7611 720 1655
3 4 12312 6737 10339 1527
3 5 1655 720 7611 10339 1527
3 3 1655 720 12497
3 4 1655 4437 9653 9654
3 7 1527 4590 12365 1523 4569 4449 4540
3 2 1527 12497
2 21 12497 10457 7626 1604 11635 11621 1881 4527 4601 11890 971 10441 7588 7646 10343 11873 951 6929 822 3824 6845
3 3 9654 9653 870
3 4 9654 11641 11685 11714
3 5 870 11637 695 11685 11714
3 3 870 689 3685
2 15 870 11791 11776 9775 971 10441 7588 7646 10343 11873 951 6929 822 3824 6845
3 6 11714 6782 6769 6710 9724 9667
3 4 11714 6782 6769 11669
3 3 11669 9724 9667
3 10 4854 751 5205 12582 7366 9480 10249 12205 1341 4345
3 4 6890 9825 3853 6855
3 3 6890 9825 3685
2 15 6890 6874 9808 3829 7528 10441 7588 7646 10343 11873 951 6929 822 3824 6845
2 4 6890 6874 9808 6850
3 3 6890 4442 11800
3 3 6855 659 3685
2 13 6855 9760 971 10441 7588 7646 10343 11873 951 6929 822 3824 6845
2 16 3685 659 11791 11776 9775 971 10441 7588 7646 10343 11873 951 6929 822 3824 6845
3 4 9727 12568 4988 6974
2 5 9727 12637 9779 7558 1506
2 12 9727 12637 6971 7588 7646 10343 11873 951 6929 822 3824 6845
2 16 6974 6696 4527 4601 11890 971 10441 7588 7646 10343 11873 951 6929 822 3824 6845
3 3 6974 4402 10586
3 3 6974 12670 12501
2 4 6974 4988 10657 7791
2 6 6974 4988 1582 9779 7558 1506
3 3 10586 12670 12501
3 10 10586 7615 10615 10753 11717 8110 4565 4650 7524 7552
2 4 12501 8083 10657 7791
2 4 12501 10281 1758 10909
3 9 12501 10824 10753 11717 8110 4565 4650 7524 7552
3 5 12501 10824 10192 1587 4622
1 2 7791 10909
1 5 7791 913 9779 7558 1506
3 15 7791 9967 1485 10394 638 10492 7583 11509 7422 4756 7480 7668 4464 7524 7552
3 15 10909 9967 1485 10394 638 10492 7583 11509 7422 4756 7480 7668 4464 7524 7552
3 7 4622 4756 7480 7668 4464 7524 7552
3 9 10407 10380 10352 10520 7480 7668 4464 7524 7552
3 3 10407 12353 12381
3 3 12381 1480 11975
3 3 11975 1547 7202
3 14 11975 10465 7118 638 12384 9996 11509 7422 4756 7480 7668 4464 7524 7552
3 4 7202 10047 11927 7138
3 15 7202 1547 10465 10437 7612 10492 7583 11509 7422 4756 7480 7668 4464 7524 7552
3 20 4168 12054 7045 12445 10468 10495 4653 1485 10394 638 10492 7583 11509 7422 4756 7480 7668 4464 7524 7552
3 5 4168 11783 3925 11841 3823
3 3 4168 6943 788
3 14 7138 10495 7643 9967 5090 9996 11509 7422 4756 7480 7668 4464 7524 7552
3 2 3823 6846
3 3 3823 11738 788
2 7 3823 873 951 6929 822 3824 6845
2 4 3823 11841 10412 1506
2 7 6846 873 951 6929 822 3824 6845
3 4 6846 865 11738 788
3 18 1506 10439 10468 10495 4653 1485 10394 638 10492 7583 11509 7422 4756 7480 7668 4464 7524 7552
1 8 6850 801 9923 6823 6929 822 3824 6845
2 3 6850 3802 11800
3 2 6984 3957
3 3 6984 9758 6845
3 8 6984 822 11785 9804 847 3850 880 11800
3 8 6845 6869 11785 9804 847 3850 880 11800
3 3 6845 3863 6882
2 5 11817 6885 11785 6869 6845
2 5 11817 702 3880 880 11800
2 4 11817 3697 11650 6717
2 4 11817 9836 9664 11654
2 10 6882 3863 11799 9820 11785 9804 847 3850 880 11800
3 2 6882 3878
3 5 6882 3693 706 11660 6717
3 2 3878 859
3 4 3878 6911 3806 9693
3 5 3878 3894 9774 11660 6717
3 6 3878 9847 9850 908 3710 6732
3 4 9693 9673 11660 6717
3 3 9693 1436 9708
3 5 9693 3806 718 715 6732
2 5 6717 3897 891 11799 6845
3 5 6717 11650 11680 9664 11654
3 2 6717 9708
3 5 11654 6707 9662 6899 11800
3 3 9708 6916 6778
3 11 9708 6916 9754 10381 4445 9675 718 908 9850 9847 3878
3 10 6778 9754 10381 4445 9675 718 908 9850 9847 3878
3 3 6732 3906 905
3 3 6732 3712 733
3 6 905 3906 11830 6909 9847 3878
3 8 733 3712 715 3710 908 9850 9847 3878
3 2 733 3732
3 6 3732 6719 12202 10174 7433 12149
3 3 3732 7462 12459
3 6 12459 10318 12221 1284 7433 12149
3 2 12512 10245
3 4 3379 3242 3359 11293
3 5 9303 3396 303 3342 11293
3 5 7394 11237 285 7377 11293
2 4 11136 11207 9161 9075
3 5 11136 3150 6300 9383 9392
3 3 9392 6320 6395
3 4 377 3241 6301 3301
3 3 377 6378 3369
3 2 6384 6318
3 3 11297 9250 3353
3 2 9297 3301
3 5 3301 7239 6221 9239 6103
3 5 3301 6301 3241 6378 3369
3 5 3353 9322 296 11221 6103
3 5 3353 9322 3287 271 221
3 3 221 11374 6103
3 4 3369 6221 9239 6103
3 4 6103 11333 13070 3501
3 3 6489 507 6103
1 7 3022 6118 3096 9216 11100 9127 188
1 8 3022 6118 6114 9135 11135 9157 11078 6115
1 9 188 3180 6204 6136 9032 11135 9157 11078 6115
2 12 9296 3049 137 3192 65 9170 9047 11037 27 144 9103 6115
3 2 14 6115
2 13 14 9204 144 9157 3021 6160 179 9138 147 69 11070 295 6331
3 7 6115 11184 11151 69 11070 295 6331
3 5 11091 3045 11147 11040 9151
3 4 11091 9117 9193 156
3 4 11091 3182 9149 6050
3 3 11091 6127 35
2 13 9151 9035 11123 6010 113 3191 202 3105 133 6042 3021 11078 6115
2 25 9108 6083 6161 3100 6200 3138 3044 9134 9095 9171 11187 11148 3039 46 9154 6129 113 3191 202 3105 133 6042 3021 11078 6115
3 6 6050 161 11082 11188 9185 35
3 3 156 9193 35
3 8 156 6093 3070 6195 9138 3007 11184 6115
3 10 35 9185 9209 6164 9054 11114 9138 3007 11184 6115
2 10 383 6310 11070 69 147 9138 179 6160 11078 6115
3 2 383 6331
3 6 383 3307 6412 9362 6345 9279
3 4 6331 6406 9251 242
3 7 6331 3386 3307 6412 9362 6345 9279
3 3 299 363 242
3 7 299 363 11327 11160 9300 6345 9279
3 13 242 11311 9406 6397 6311 6188 6164 9054 11114 9138 3007 11184 6115
3 6 242 9410 11231 9362 6345 9279
3 3 9279 6345 6287
2 34 158 11081 11164 11125 3193 11115 11130 3058 6130 3145 192 3034 3132 9126 6214 173 6152 9095 9171 11187 11148 3039 46 9154 6129 113 3191 202 3105 133 6042 3021 11078 6115
3 6 158 6212 9106 11199 9104 11076
3 7 158 11121 195 66 3172 11065 3122
3 9 9206 11162 3050 6150 3187 3030 9061 6156 11076
2 54 9206 11162 3050 6150 3187 3133 11046 11156 2998 11146 11054 9119 3067 9198 11181 9123 15 74 6183 9116 6092 9064 11104 9128 128 6107 3082 3058 6130 3145 192 3034 3132 9126 6214 173 6152 9095 9171 11187 11148 3039 46 9154 6129 113 3191 202 3105 133 6042 3021 11078 6115
3 13 9206 11162 3050 6150 3187 3133 11046 6153 9231 11092 155 11212 11094
3 4 9206 9100 3060 3151
3 10 9206 11162 3050 6150 3187 6052 9176 9078 2994 11159
3 9 11076 11141 6078 9219 11144 9166 63 11065 3122
2 48 11076 193 3185 80 6098 9119 3067 9198 11181 9123 15 74 6183 9116 6092 9064 11104 9128 128 6107 3082 3058 6130 3145 192 3034 3132 9126 6214 173 6152 9095 9171 11187 11148 3039 46 9154 6129 113 3191 202 3105 133 6042 3021 11078 6115
3 13 11105 6144 67 9073 11138 9056 9163 11043 3013 3131 52 11162 9206
3 4 11105 9129 9194 3083
3 6 3083 6066 169 3117 11126 3122
3 13 3122 11065 9038 6138 3119 9160 6163 67 204 3161 3061 6186 9206
3 5 3152 11426 11127 11443 4640
2 6 3152 496 6381 308 9501 10493
3 4 3152 567 83 185
3 7 4640 11057 6099 9221 9485 11302 10493
3 3 9340 9240 10493
3 2 9340 265
3 3 10493 10323 265
3 5 10493 11302 3298 415 11202
3 4 3320 9274 6281 3272
3 3 3320 11391 406
3 3 3272 6281 400
3 2 6364 6235
3 3 6364 3277 11251
3 4 6235 3341 3277 11251
3 3 6389 6257 9320
3 5 11251 3325 3260 6393 6287
3 2 391 9498
3 3 391 3314 6336
3 2 9498 9431
3 3 9431 480 6560
3 2 9431 6598
3 2 9335 6336
3 2 6446 6560
3 2 6446 11483
3 2 6446 575
3 2 6560 6598
3 7 6560 3576 11606 6504 454 9561 11506
3 2 3516 9536
3 7 3516 13081 11606 6504 454 9561 11506
3 6 9536 11606 6504 454 9561 11506
3 2 3488 6583
3 2 3488 11435
3 2 3488 9522
3 2 6583 9559
3 2 6583 11435
3 2 11483 575
3 5 11483 6504 454 9561 11506
3 7 575 11548 9500 11420 6585 9534 11506
2 2 11549 13011
3 3 11549 11518 11506
3 5 9503 549 3629 11502 9559
3 4 9503 549 563 11547
3 2 9503 6542
3 2 11516 9559
3 10 11516 5291 3546 9472 3447 11606 6504 454 9561 11506
3 3 11563 6569 3549
3 4 11563 9434 6599 11535
3 4 3549 9578 6599 11535
3 3 3549 9523 11506
3 3 3549 6547 9507
3 3 3549 3534 3509
3 3 3552 6572 9525
3 8 3552 3758 6536 9510 11508 9550 3579 11535
3 5 9525 11508 9550 3579 11535
3 3 11506 9523 9507
3 4 9507 6547 3534 3509
3 2 9507 512
3 5 3652 3669 3506 11491 11506
3 3 3652 648 11794
3 2 3652 9642
3 3 3652 817 3650
3 6 9609 667 9644 3506 11491 11506
3 3 9609 9625 11794
3 3 9609 6644 3655
2 3 9609 6644 6651
2 4 9609 9607 11576 590
3 2 11794 3650
3 2 11794 6613
2 5 11794 9625 3594 9748 590
3 9 9642 9658 6531 3533 11732 551 6949 11518 11506
3 3 9642 817 3650
2 4 9642 3666 6683 9638
3 4 3650 641 9590 6613
2 3 3650 6668 6666
3 2 9478 3509
2 4 9478 11613 9631 11600
3 4 9478 3659 655 6657
3 2 11600 6657
3 4 512 3493 6688 3655
2 2 3655 6651
2 15 6657 9597 595 6792 11720 9717 929 11699 12169 9882 3899 897 872 9797 9764
3 4 6657 9597 11565 9737
1 4 6651 6648 9593 590
3 4 590 769 9732 11716
3 2 755 11702
3 3 6613 6786 11716
2 5 6613 9590 6639 11573 778
2 4 6613 9590 6639 6666
1 2 6766 11702
1 8 6766 12169 9882 3899 897 872 9797 9764
2 9 11702 3948 9723 6917 6931 3898 6865 9797 9764
2 11 9737 6762 3740 11699 12169 9882 3899 897 872 9797 9764
3 18 9898 11711 6770 3754 6773 3771 9734 11720 9717 929 11699 12169 9882 3899 897 872 9797 9764
1 2 778 6609
1 3 778 9603 6666
2 6 778 3612 9587 6635 607 3780
2 3 778 9745 6780
1 2 778 611
3 2 11834 911
3 6 758 6955 9689 6734 11673 9817
3 8 758 6955 11692 729 11843 13219 726 3918
3 4 3918 918 9846 9800
3 6 3918 920 877 6941 724 9817
3 4 885 9870 3859 857
3 4 885 11854 13220 740
2 13 885 11852 3902 932 9857 9842 9840 9813 11793 13225 6836 9797 9764
3 6 857 3859 11806 11809 9827 9800
2 12 857 3887 6903 9857 9842 9840 9813 11793 13225 6836 9797 9764
3 4 857 11766 813 3816
3 7 9800 3874 6867 874 845 889 9817
3 3 9800 3794 3938
3 4 9800 939 896 858
3 4 11851 6902 13230 6866
3 5 11851 11798 6954 7098 7183
3 2 11851 3846
3 5 11851 9819 6884 9765 3866
3 5 6866 9917 11820 896 858
3 7 6866 9839 3969 6996 9787 889 9817
3 5 6866 13230 6902 3886 3846
3 5 3938 9767 3858 9852 11742
3 2 3938 858
3 10 858 896 11820 3845 794 13221 874 845 889 9817
3 5 858 13224 6914 9757 11742
3 4 11742 3945 9812 7213
3 5 11742 888 3891 3799 6906
3 8 11742 942 11812 11807 12083 4095 1176 10063
2 13 740 13233 3735 932 9857 9842 9840 9813 11793 13225 6836 9797 9764
3 3 3816 11737 7213
3 6 3816 790 13223 6836 9797 9764
3 5 3816 790 13223 6966 6812
3 5 3816 790 13223 3873 6817
3 6 7213 9933 11870 6993 9767 3938
3 4 7213 871 9896 6906
3 4 7213 798 13222 6817
2 3 9764 854 6927
3 20 9764 9797 6865 3898 3899 9882 12169 11699 929 9717 11720 9734 3771 6773 3754 6770 9728 762 780 6613
3 2 9764 6812
2 20 6927 9824 11779 3898 3899 9882 12169 11699 929 9717 11720 9734 3771 6773 3754 6770 9728 762 780 6613
3 20 6812 6836 872 897 3899 9882 12169 11699 929 9717 11720 9734 3771 6773 3754 6770 9728 762 780 6613
3 4 6812 6966 3873 6817
3 3 6906 9896 6817
2 2 7183 1048
2 6 7183 10094 7153 9979 7068 10063
3 3 9817 6924 799
3 3 11805 3861 799
3 7 11805 924 11885 6996 9787 889 9817
3 10 799 6924 889 6941 3892 11675 11677 11692 6955 758
3 8 3846 6986 3926 11885 6996 9787 889 9817
3 3 3846 6933 3866
3 10 3866 980 970 11768 844 11885 6996 9787 889 9817
3 3 9320 11305 321
3 3 6349 3271 3234
3 2 6349 3326
3 3 6377 3395 3234
3 3 3234 247 11388
3 2 3234 3326
3 2 3234 309
3 3 11388 247 309
3 2 11388 6535
3 2 3326 241
3 2 3326 309
3 2 241 309
3 2 6282 3312
3 6 6282 537 3473 3572 9535 514
3 3 6521 11444 3312
3 3 6521 9428 478
3 4 6521 3499 9456 3522
3 4 6521 3499 11545 6582
3 4 3312 3207 9496 478
3 7 3312 3207 537 3473 3572 9535 514
3 4 478 6441 11545 6582
3 4 478 6441 11481 3535
3 2 478 514
3 6 3522 6487 425 538 6501 3535
3 8 6582 538 6524 3500 13116 6421 9572 11544
3 2 6582 3535
3 3 514 11481 3535
3 4 514 6559 3418 3585
3 5 514 6559 11432 6440 11542
3 5 9497 9441 9471 6559 514
3 2 9497 482
3 2 9497 11404
3 5 482 6524 538 6501 3535
3 3 482 3474 11404
3 2 6488 9486
3 9 6488 6594 11417 13116 3500 6524 538 6501 3535
3 2 6488 589
3 2 9486 529
3 7 564 9524 3561 6524 538 6501 3535
3 3 564 9524 11445
3 4 11547 3558 3530 6542
3 4 11435 11470 3547 587
3 4 11435 11470 3547 9522
3 2 587 9522
3 2 587 3444
3 2 587 6469
3 2 9522 3444
3 2 3444 6469
3 4 3444 3512 6622 6535
3 2 6469 495
3 3 6469 6622 6535
3 2 495 6535
3 12 6542 3530 6568 6581 9557 11417 13116 3500 6524 538 6501 3535
3 3 6934 3690 11499
2 3 6934 3679 663
3 2 9517 6555
3 2 9517 11499
3 3 6555 11529 11544
3 9 6555 9557 11417 13116 3500 6524 538 6501 3535
3 2 708 11499
3 3 708 3705 692
3 2 708 6540
2 5 708 9666 11638 9636 673
2 4 708 9666 11638 6680
2 4 11499 3690 9655 6680
3 3 11544 9416 11404
3 3 11544 11529 6540
3 3 11544 561 3299
3 5 11404 9441 9471 6559 514
3 4 11404 586 3571 3299
3 3 11404 6470 3585
3 3 692 3705 6540
2 3 692 9652 673
2 13 692 11653 3688 707 688 6691 9650 11651 6723 543 9541 9569 11542
3 5 692 11653 3688 6708 9665
3 2 6540 3299
3 3 3299 3705 692
3 4 3299 3571 9555 6418
1 2 663 9638
1 7 663 11623 661 658 9600 607 3780
1 3 663 11623 6680
1 2 9638 9620
1 6 9638 11604 11601 3641 607 3780
1 3 9620 11590 6666
2 7 6666 11590 3612 9587 6635 607 3780
2 11 673 11634 3675 6691 9650 11651 6723 543 9541 9569 11542
1 4 673 9636 6678 6680
1 6 6680 3660 658 9600 607 3780
1 6 671 3675 707 3688 11653 692
1 4 671 668 3674 3673
2 3 9648 653 3673
2 11 9648 6690 704 6552 543 5283 532 9681 6725 11653 692
3 2 9648 9661
2 12 3673 6687 9679 11651 6723 543 5283 532 9681 6725 11653 692
2 4 3673 11612 9596 9627
3 10 11666 9527 6552 543 5283 532 9681 6725 11653 692
3 2 11666 9661
3 5 11666 6739 3718 557 3569
3 3 11666 6739 9692
3 6 9665 732 5283 9541 9569 11542
3 11 9661 6690 704 6552 543 5283 532 9681 6725 11653 692
3 3 9661 3700 9692
3 3 9661 11630 11627
3 3 11542 9429 494
3 2 11542 6418
3 6 494 3462 9414 469 573 514
3 4 494 583 3553 3569
3 4 494 583 421 6562
3 4 494 3485 3545 552
3 2 3585 6418
2 13 6418 6592 5283 543 6723 11651 9650 6691 688 707 3688 11653 692
3 9 3569 11525 543 5283 532 9681 6725 11653 692
3 2 3569 6562
3 4 3569 557 9539 9692
3 5 6562 421 3485 3545 552
3 6 6562 6590 9567 9457 6512 9570
3 8 9692 9539 3484 9551 9567 9457 6512 9570
3 3 9692 3716 11679
3 3 9692 3716 6720
3 6 11679 11522 3484 6576 11511 3569
3 3 11679 9676 6720
3 4 11679 9690 3731 3713
2 8 6573 3550 581 11539 3484 6576 11511 3569
2 3 6573 6751 3713
2 5 6573 6586 6604 466 6499
1 3 6573 6586 11691
3 4 11627 3683 701 6703
3 3 11627 3670 6685
3 4 9660 11663 9676 6720
3 2 9660 6703
3 4 9660 684 6716 3713
3 4 9660 684 11646 11644
3 3 6720 686 9661
3 3 6720 9676 6703
3 6 6720 9676 11663 9690 3731 3713
3 3 6703 3680 6685
3 3 6703 11625 6700
3 4 6685 3680 11625 9660
3 10 3713 6751 9537 555 581 11539 3484 6576 11511 3569
3 3 3713 699 11644
3 2 3696 11644
3 3 3696 713 9687
3 4 3696 6697 6682 646
3 34 3696 3709 6714 11676 9704 727 11689 744 11534 3577 6600 11705 754 9714 11703 6597 409 458 11454 9543 582 11489 6508 3542 238 343 3364 3335 6411 9384 9411 11242 3292 6262
3 3 3696 696 693
3 3 6700 11625 9660
3 3 6700 11646 11644
3 3 6700 9621 3617
3 4 11644 9656 679 646
3 32 9687 746 9704 727 11689 744 11534 3577 6600 11705 754 9714 11703 6597 409 458 11454 9543 582 11489 6508 3542 238 343 3364 3335 6411 9384 9411 11242 3292 6262
2 4 9687 746 3548 11691
3 3 646 11787 3614
3 33 693 3694 9672 6731 727 11689 744 11534 3577 6600 11705 754 9714 11703 6597 409 458 11454 9543 582 11489 6508 3542 238 343 3364 3335 6411 9384 9411 11242 3292 6262
3 4 693 3694 676 6679
3 4 693 3694 676 11639
3 34 6679 6709 3676 9668 711 9685 11689 744 11534 3577 6600 11705 754 9714 11703 6597 409 458 11454 9543 582 11489 6508 3542 238 343 3364 3335 6411 9384 9411 11242 3292 6262
3 3 6679 11605 3645
3 5 6679 6709 6695 660 3663
3 2 6679 11639
3 28 9548 577 3407 3577 6600 11705 754 9714 11703 6597 409 458 11454 9543 582 11489 6508 3542 238 343 3364 3335 6411 9384 9411 11242 3292 6262
3 7 3645 6667 3665 11622 9640 696 3696
3 3 3645 6652 3630
3 5 3645 637 3639 660 3663
3 7 3630 11657 11592 662 9640 696 3696
3 2 3630 9771
3 3 3663 9651 11636
3 4 11636 11652 11655 11672
3 2 11636 6706
3 3 9716 6747 11672
3 4 9716 6747 9701 6706
3 3 9716 723 3707
3 26 9716 3577 6600 11705 754 9714 11703 6597 409 458 11454 9543 582 11489 6508 3542 238 343 3364 3335 6411 9384 9411 11242 3292 6262
3 29 11672 3728 744 11534 3577 6600 11705 754 9714 11703 6597 409 458 11454 9543 582 11489 6508 3542 238 343 3364 3335 6411 9384 9411 11242 3292 6262
3 4 11672 11655 9701 6706
2 4 6706 3076 9635 657
3 3 6706 3724 3707
3 3 6706 3704 3701
3 4 3707 9683 6743 3701
3 24 3707 11686 741 9698 11703 6597 409 458 11454 9543 582 11489 6508 3542 238 343 3364 3335 6411 9384 9411 11242 3292 6262
3 4 3701 687 3076 11636
3 3 3701 6727 11670
3 3 11372 11343 9263
3 10 11372 11288 11260 9252 9387 6236 3473 3572 9535 514
3 7 9570 3510 9470 3438 3572 9535 514
3 2 9570 552
3 4 9570 3510 3460 6558
3 4 9570 3283 9532 17
3 4 552 6595 9535 514
3 2 362 9263
3 3 6332 11265 3288
3 6 6558 3532 444 3572 9535 514
3 2 6558 17
3 3 17 11515 493
3 5 11479 536 9494 6522 6499
3 5 11479 536 6580 11399 3559
3 5 11479 491 11427 3562 462
3 4 11479 9558 513 474
3 8 9427 11398 11554 11539 3484 6576 11511 3569
3 3 9427 11430 3497
3 2 9427 9412
3 3 6499 562 3458
3 4 6499 11507 9521 3559
3 2 6499 3497
2 5 6499 6522 3434 11536 11691
3 34 6499 6522 3434 6431 6483 11411 11550 577 3407 3577 6600 11705 754 9714 11703 6597 409 458 11454 9543 582 11489 6508 3542 238 343 3364 3335 6411 9384 9411 11242 3292 6262
3 2 3544 6259
3 4 3544 11492 548 493
3 3 3544 467 3458
3 3 6259 548 493
3 2 3458 3559
3 3 3458 562 3497
3 5 3559 6484 9452 6546 3392
3 6 3559 6484 9452 11441 3412 474
3 10 3497 442 11413 417 581 11539 3484 6576 11511 3569
3 5 11370 3267 6220 6371 6326
3 3 11370 3267 406
3 5 11370 216 11322 342 9289
2 2 6780 611
3 4 6780 3782 776 3780
3 4 6780 11730 11723 771
3 4 611 3782 776 3780
2 9 771 9741 776 6635 3641 658 661 11623 663
3 2 771 6788
3 3 771 11726 3780
3 4 6788 3773 6790 3780
3 2 6788 6973
3 2 3780 969
3 2 3780 773
3 2 969 773
1 6 969 9584 9600 3641 11601 663
3 4 773 3776 603 3604
1 9 773 3776 603 6631 6675 3660 661 11623 663
3 2 11584 9582
2 10 11584 6656 656 9630 6675 3660 658 9600 607 3780
3 2 3604 9582
2 8 3604 11598 6675 3660 658 9600 607 3780
3 2 9582 6793
2 11 6626 628 6656 656 9630 6675 3660 658 9600 607 3780
3 2 6626 599
3 3 3976 6790 3780
3 2 3976 6973
3 3 3976 6985 6606
3 3 3976 1616 9907
3 4 6973 3773 6790 3780
3 2 6606 6793
3 7 6606 782 9924 967 6926 9794 9904
3 4 6606 6985 1616 9907
3 7 6793 782 9924 967 6926 9794 9904
2 6 9907 910 9750 3885 9794 9904
2 4 9904 11882 3910 6831
3 5 9904 11846 923 9826 819
2 4 6831 3923 9826 819
1 2 819 955
3 4 6843 883 11803 819
2 2 6843 6972
2 4 6972 3958 11803 819
3 2 9627 599
3 4 9627 6650 3592 11581
3 3 9627 6650 3601
2 12 599 11595 628 6656 656 9630 6675 3660 658 9600 607 3780
3 2 11581 624
3 3 11581 3592 3601
3 2 624 9595
3 4 3601 11564 11735 6626
3 3 9595 3627 9608
3 4 9608 6670 11625 9660
3 3 9608 619 3617
3 3 3924 11816 9894
3 6 3924 6957 3985 9586 6614 3601
3 9 11574 9591 9588 6983 6957 3974 984 6611 3601
3 4 11574 606 11741 982
3 4 11574 606 3609 11586
3 3 982 953 9894
3 4 982 797 3609 11586
3 2 982 3922
3 7 9894 6942 6957 3985 9586 6614 3601
3 3 12504 191 4515
3 3 12504 10930 10594
3 8 3614 614 3649 11592 662 9640 696 3696
3 2 3614 11586
3 2 3614 3617
3 3 11586 9599 3984
3 9 3984 11583 6634 3649 11592 662 9640 696 3696
3 4 3984 6998 9906 11887
3 9 11887 9756 630 3649 11592 662 9640 696 3696
3 2 11887 11857
3 2 11887 9771
3 3 11857 11832 3882
3 3 11857 935 949
3 3 11857 11868 9771
3 2 9809 9780
3 3 9809 6913 3922
3 4 9809 9821 11845 9894
3 7 9849 6940 3939 3956 797 3609 11586
3 4 9849 867 3865 974
3 3 9849 11762 9780
3 3 9849 6913 3922
3 5 11818 3526 6886 907 3882
3 3 11818 3526 6857
3 2 11818 895
3 4 11818 3526 6990 9930
3 8 3882 9874 6940 3939 3956 797 3609 11586
3 3 3882 3865 974
3 4 3882 907 6886 6857
3 4 3882 907 935 949
3 10 974 3865 867 9874 6940 3939 3956 797 3609 11586
3 2 974 9837
3 5 974 3865 833 11762 9780
3 3 6857 935 949
3 12 6857 9818 3937 6982 6952 6814 6967 9769 649 9614 6677 11636
3 3 6857 6990 9930
3 3 949 965 9771
3 4 949 3971 3952 3796
3 11 949 3908 6982 6952 6814 6967 9769 649 9614 6677 11636
3 9 9771 9756 630 3649 11592 662 9640 696 3696
3 4 9771 11754 793 3796
3 3 9612 9610 3796
3 4 9612 11603 674 11636
3 8 3796 9610 6842 9769 649 9614 6677 11636
3 3 9902 11842 3893
3 3 9902 922 9833
3 4 9837 841 3914 9805
3 3 895 3936 9930
3 10 9930 11774 11905 9888 6967 9769 649 9614 6677 11636
3 2 9805 9916
3 3 9916 12001 1205
3 3 1106 12001 1205
3 3 3893 6895 9833
3 2 6930 3973
3 5 6930 863 976 1109 4109
3 5 3973 3864 976 1109 4109
3 2 4109 7127
3 3 4109 3988 7096
3 4 1205 976 1109 4109
3 2 6550 4112
3 3 12058 1164 9940
3 8 9780 11762 9875 6900 13235 13234 914 9805
3 4 9780 3896 6913 3922
3 4 11767 3884 9914 9780
2 2 11984 7193
3 3 11811 11829 9833
2 3 11811 3851 947
2 3 11811 904 11866
1 6 947 3851 6871 890 904 11866
3 2 4112 928
3 5 4112 7130 10038 9929 10041
2 5 928 11898 981 856 947
3 3 928 3927 10041
2 5 10041 11796 981 856 947
2 8 940 11860 9811 3907 6808 3951 3786 947
3 4 940 11792 6925 11747
3 4 940 9755 869 3870
3 5 940 9755 7143 10056 11810
3 5 11747 804 11844 3807 3870
3 4 11747 9844 6938 979
2 4 11747 6908 3905 11866
3 4 3870 921 6956 11746
3 3 3870 961 11810
2 3 979 11883 11866
2 12 11866 904 890 6871 3951 11831 856 785 11778 9799 11848 4112
2 2 9932 975
3 4 9932 3714 11753 7454
3 4 9932 3979 9868 11797
2 4 975 3965 6919 11797
2 3 10472 789 7454
2 4 10472 12376 4583 6935
2 3 10472 3564 12320
2 2 11797 9860
2 5 9860 876 11739 4512 12416
2 3 9860 11759 9823
3 2 6935 7604
3 3 12416 11759 9823
3 2 11746 11810
2 14 11810 10056 4124 7026 4008 4127 1122 784 11907 6945 3983 3951 3786 947
3 2 12473 12029
3 2 4111 4550
3 2 1201 7107
3 2 1201 4206
3 2 1086 7107
3 2 1086 4206
3 2 1086 4088
3 2 7107 4206
3 2 4206 4088
3 3 10106 1600 8123
3 3 8123 6826 5098
2 4 8123 6826 4943 9816
3 3 2097 12046 12839
3 2 2089 12726
3 2 2089 8085
3 2 2089 7953
3 2 2089 5005
3 2 12726 7953
3 4 8085 12749 5058 4974
3 3 8085 1955 12702
3 5 3392 3256 6306 3309 9304
3 4 3392 11528 6415 6280
3 4 3392 6546 3412 474
3 3 9304 11341 6280
3 5 6280 560 6579 9554 6232
3 4 6280 560 3496 474
3 22 6280 560 6579 9554 9493 11477 9466 9568 489 3568 546 6589 238 343 3364 3335 6411 9384 9411 11242 3292 6262
3 7 6232 3203 3293 3350 6292 342 9289
3 16 6232 3203 3507 3568 546 6589 238 343 3364 3335 6411 9384 9411 11242 3292 6262
3 3 306 223 6354
3 6 306 3362 6387 9399 287 11349
3 8 306 3297 6243 352 3345 11235 246 300
3 12 306 3210 11336 6305 3390 3335 6411 9384 9411 11242 3292 6262
3 2 6354 9289
3 14 6354 289 11230 11383 371 398 3390 3335 6411 9384 9411 11242 3292 6262
3 5 6326 3219 358 9341 406
3 6 6326 6371 6220 11322 342 9289
3 6 6326 11259 6242 3310 6324 11202
3 16 9289 3378 6344 9288 9342 11229 315 343 3364 3335 6411 9384 9411 11242 3292 6262
3 33 11691 3548 6571 9704 727 11689 744 11534 3577 6600 11705 754 9714 11703 6597 409 458 11454 9543 582 11489 6508 3542 238 343 3364 3335 6411 9384 9411 11242 3292 6262
3 28 462 3562 3407 3577 6600 11705 754 9714 11703 6597 409 458 11454 9543 582 11489 6508 3542 238 343 3364 3335 6411 9384 9411 11242 3292 6262
3 2 462 6429
3 2 476 6429
3 23 476 9435 3757 3575 6597 409 458 11454 9543 582 11489 6508 3542 238 343 3364 3335 6411 9384 9411 11242 3292 6262
3 24 6429 3457 9533 11464 11490 6497 9465 11438 11454 9543 582 11489 6508 3542 238 343 3364 3335 6411 9384 9411 11242 3292 6262
3 21 474 11503 6520 9493 11477 9466 9568 489 3568 546 6589 238 343 3364 3335 6411 9384 9411 11242 3292 6262
3 15 525 489 3568 546 6589 238 343 3364 3335 6411 9384 9411 11242 3292 6262
3 15 11504 9413 463 9477 9566 238 343 3364 3335 6411 9384 9411 11242 3292 6262
3 5 11504 6507 6478 6451 11561
3 4 11504 6507 9433 11437
3 6 11504 3557 11397 3508 11461 502
3 6 11504 9413 11462 3520 11526 3580
3 4 11504 3557 11397 418
2 2 705 3686
1 4 9680 9677 6704 3686
2 3 9680 6741 11668
3 22 11670 9698 11703 6597 409 458 11454 9543 582 11489 6508 3542 238 343 3364 3335 6411 9384 9411 11242 3292 6262
3 25 11561 574 11546 6597 11409 9451 6497 11490 550 441 9568 489 3568 546 6589 238 343 3364 3335 6411 9384 9411 11242 3292 6262
3 3 11561 6423 11437
3 4 11437 453 486 502
3 4 502 6530 6554 418
3 4 502 3479 6505 9461
3 7 3580 11244 11310 11368 11242 3292 6262
3 6 3580 457 3554 9579 11396 413
3 6 418 6554 9531 3491 6519 9461
3 4 418 6481 6543 3580
3 7 418 9556 3409 6432 9489 9552 413
3 3 9417 11434 9461
3 2 9417 11559
3 8 9461 9476 547 11513 9424 473 9552 413
3 3 3338 9041 6105
3 21 3338 3075 11089 3064 9101 6088 3166 6100 6110 11192 119 11158 9180 73 11180 135 9033 11134 6370 9389 11375
3 8 3338 3075 3065 183 11074 6091 11086 3164
3 4 3338 312 3168 9248
3 5 6105 9099 3147 10207 105
3 21 6105 9099 154 1295 9225 6121 6 6202 11025 9232 6133 9065 3167 3066 175 3004 12 11340 9291 9389 11375
3 4 105 9205 11119 11098
3 21 105 6538 6177 1295 9225 6121 6 6202 11025 9232 6133 9065 3167 3066 175 3004 12 11340 9291 9389 11375
3 10 11094 6090 18 138 89 11071 6075 3157 9199 9131
3 7 11094 11212 155 11092 6094 9118 11159
3 5 11094 6159 11038 3092 9248
3 5 9131 3175 11177 9110 3164
3 4 9131 11189 3154 11168
3 8 9131 9199 3157 72 9130 3065 3075 3338
3 6 9131 11107 2 11099 9122 121
3 10 3164 9222 3099 143 3056 62 164 11099 9122 121
3 11 3164 9222 9043 3135 6180 6113 9033 11134 6370 9389 11375
3 6 11168 3057 60 9082 3084 11159
3 8 11168 160 11083 93 39 11084 3176 333
3 8 11168 81 6189 129 6056 6167 6101 121
3 11 11168 3057 6073 11165 9107 6131 9060 3110 6035 71 117
3 7 11168 160 11083 93 39 9153 9177
3 4 3151 6174 6197 117
3 11 11159 3084 9082 60 166 11036 6034 6075 3157 9199 9131
3 7 333 6022 6122 9144 11039 6101 121
3 4 333 3176 11154 9177
3 5 333 6245 11250 3358 9302
3 11 333 6245 9256 11236 9278 11362 3290 9282 6290 6396 6262
3 7 11349 6264 9242 8 110 9111 9177
3 4 11349 11326 366 9302
3 7 11349 6303 11384 335 274 11300 382
3 10 121 252 3240 9356 11362 3290 9282 6290 6396 6262
3 4 121 3220 3116 6247
3 6 117 71 6035 6086 9111 9177
3 7 117 11109 9234 9319 11392 6324 11202
3 7 9177 3101 11315 3215 11326 366 9302
3 3 6380 11282 9302
3 5 6380 6414 6348 3377 382
3 6 6380 6414 9348 6290 6396 6262
3 11 6380 6283 9278 9356 378 9311 3202 6362 9360 6299 11375
3 4 9302 3327 3263 382
3 11 9302 3358 3259 6283 9278 11362 3290 9282 6290 6396 6262
3 4 382 3236 11347 6262
3 7 382 11300 11369 9318 9253 3297 306
3 3 382 246 300
3 5 6262 6315 9313 9330 11379
3 13 6262 6396 6290 9348 3290 9235 6316 9311 3202 6362 9360 6299 11375
3 4 6262 11347 3236 300
3 7 11379 283 3339 6362 9360 6299 11375
3 8 11379 11248 11294 9273 6230 6398 6341 413
3 7 11379 11248 11294 9273 9245 11381 11351
3 8 300 11242 261 212 3250 9313 9330 11379
3 7 413 6341 6398 3199 3250 6315 6262
3 5 413 9448 9339 11323 11351
3 7 11375 9389 6370 11252 6358 6135 6247
3 11 11375 3303 11344 9407 6343 6284 11363 6329 232 396 11351
3 9 11375 9368 270 3261 3349 9270 6372 11255 11149
3 8 11375 6327 9325 3383 3282 9259 11356 6338
3 19 11375 6327 9325 3224 6253 9373 9307 9354 3382 11319 6404 339 11377 11256 3265 4324 4283 1305 1278
3 10 6247 346 3240 9356 11362 3290 9282 6290 6396 6262
3 24 11351 340 313 3304 6328 9352 9326 11308 353 3343 3316 6339 9337 11321 365 497 3486 3330 6379 1350 7343 4283 1305 1278
3 10 11351 11296 471 6587 544 487 579 3582 3555 3529
2 6 7375 11352 7346 12203 9293 381
2 6 7375 4372 12626 206 7403 6278
2 8 7375 4372 12626 206 7431 6285 291 1278
2 6 7375 1336 6025 12527 10216 10716
2 8 7375 12216 361 3280 7320 12287 1233 9292
3 25 7375 1336 6025 3127 11111 11195 12587 7318 1307 3000 9145 11179 9155 9114 3146 6089 3167 3066 175 3004 12 11340 9291 9389 11375
3 17 11149 9370 6124 6171 45 3041 9145 3000 1307 7318 12587 11195 11111 3127 6025 1336 7375
3 6 11149 9370 3264 3139 3027 381
3 6 11149 6383 11263 282 11387 6338
3 6 11149 6383 11354 11365 11320 6278
3 20 381 370 3363 146 11193 11133 3041 9155 9114 3146 6089 3167 3066 175 3004 12 11340 9291 9389 11375
3 4 381 305 11320 6278
3 7 6338 260 404 3394 3294 11320 6278
3 4 6338 372 9514 11496
3 15 6338 11243 11292 9354 3382 11319 6404 339 11377 11256 3265 4324 4283 1305 1278
3 5 6278 6388 6323 3214 11496
3 6 6278 7403 7431 6285 291 1278
3 22 11496 9401 339 11225 11348 365 11321 9337 6339 6366 3343 353 11364 11393 9258 9286 6391 11324 297 11277 3303 11375
3 8 11496 3214 10301 9385 3348 9349 273 1278
3 13 6226 9365 9391 365 497 3486 3330 6379 1350 7343 4283 1305 1278
3 6 9753 11706 6791 3774 11566 6794
3 8 9753 9592 3622 11578 615 464 3618 9453
3 14 499 3490 6574 410 6473 497 3486 3330 6379 1350 7343 4283 1305 1278
3 11 499 9447 6430 470 6588 3515 6523 9469 11455 6615 9453
3 7 499 3490 9487 3467 6551 11473 9526
3 24 3529 3555 6602 11423 3518 578 3578 483 3477 326 3316 6339 9337 11321 365 497 3486 3330 6379 1350 7343 4283 1305 1278
3 6 3529 498 11447 9442 11416 6794
3 7 6794 11724 3746 745 742 6748 700
3 26 1278 1305 4283 7343 1350 6379 3330 3486 338 365 11321 9337 6339 6366 3343 353 11364 11393 9258 9286 6391 11324 297 11277 3303 11375
3 7 1278 12130 10136 11223 12287 1233 9292
3 7 1278 1258 4265 4311 10256 4215 4261
3 17 11559 585 426 11403 449 484 500 6544 6566 3431 9464 6528 9529 6428 11436 11296 11351
3 25 11668 3760 9696 3720 11681 9709 9726 9742 3779 6796 9415 6468 11400 6503 3489 9516 9540 11555 9464 6528 9529 6428 11436 11296 11351
3 4 7624 4463 9645 7554
2 3 7624 1450 11645
3 25 7554 6689 3672 6702 11690 11693 9705 9722 11727 6796 9415 6468 11400 6503 3489 9516 9540 11555 9464 6528 9529 6428 11436 11296 11351
3 5 7554 9645 3668 6701 700
3 20 731 9707 3748 11727 6796 9415 6468 11400 6503 3489 9516 9540 11555 9464 6528 9529 6428 11436 11296 11351
2 5 731 6718 685 6674 654
3 24 700 6730 712 11690 11693 9705 9722 11727 6796 9415 6468 11400 6503 3489 9516 9540 11555 9464 6528 9529 6428 11436 11296 11351
3 7 10716 7228 12567 10133 12287 1233 9292
3 23 10716 7228 12567 9553 1543 12102 12106 1292 10170 4340 10284 10168 10140 12198 12227 7313 7341 4294 1210 1378 4354 1305 1278
3 5 10716 1704 10720 4846 12700
3 6 9292 12157 7401 10256 4215 4261
3 36 9292 12157 7401 7429 10168 10140 12198 12227 7313 7341 4294 1254 4322 12128 9420 6515 6424 3486 338 365 11321 9337 6339 6366 3343 353 11364 11393 9258 9286 6391 11324 297 11277 3303 11375
3 27 4261 1406 1210 12298 12128 9420 6515 6424 3486 338 365 11321 9337 6339 6366 3343 353 11364 11393 9258 9286 6391 11324 297 11277 3303 11375
3 22 12700 7733 10604 4754 7846 4209 1775 10170 4340 10284 10168 10140 12198 12227 7313 7341 4294 1210 1378 4354 1305 1278
3 4 12700 12630 7867 12602
3 9 7789 12536 4866 7274 7825 1860 1733 12679 10696
3 8 7789 12174 10617 7849 7750 7882 10561 7809
3 5 7789 12174 4681 12599 10576
3 7 10696 12546 4670 1309 1662 1418 1391
3 13 10696 12679 1733 1860 10555 1674 4767 10617 7849 7750 7882 10561 7809
3 4 10696 1709 7800 4780
3 4 10696 12679 4806 1797
3 3 7837 1757 7809
3 6 7837 1784 12517 7738 9142 1684
3 4 7837 12672 4817 12602
3 5 4800 1779 7680 12594 4661
3 9 4800 10531 12427 1818 10610 12662 13197 12529 10619
3 5 4800 1702 7819 1676 10627
3 6 4800 4781 12509 7843 12695 10669
3 5 4800 1779 1794 10546 1797
2 4 12611 4795 1666 4762
3 21 12611 12538 1792 4737 12575 4835 7854 1826 12641 7786 4792 12557 12629 4555 7648 12348 10499 6988 6937 11801 814
3 5 4785 10544 4782 12523 7802
3 2 4785 1837
3 4 4785 12655 1780 10576
3 6 4785 4687 12615 10635 1729 7809
3 3 4785 7707 7805
2 36 10540 1865 11607 12518 4810 10598 1772 7871 10577 9659 4290 12263 12192 4805 10521 7569 12500 6863 3815 6811 783 6806 3944 6944 898 6822 959 6922 3852 3904 906 6963 11828 9795 9918 11835
2 2 10540 12592
1 2 10540 4744
3 6 4797 7838 4815 7769 1803 7802
3 8 4797 1762 4837 10528 7835 1696 7860 1672
3 6 4797 10543 1810 7703 12610 10627
3 22 4797 7838 1829 1707 10524 12575 4835 7854 1826 12641 7786 4792 12557 12629 4555 7648 12348 10499 6988 6937 11801 814
3 6 4797 7838 1829 10596 7828 1735
3 17 7802 7876 10570 1876 4818 12563 10580 1685 1369 4665 10652 4734 7825 1860 1733 12679 10696
3 3 7802 1697 1837
3 3 7802 4808 1735
3 5 1672 7860 12507 4862 4801
3 14 1672 10683 12665 10708 12557 12629 4555 7648 12348 10499 6988 6937 11801 814
2 33 10667 12591 1807 10590 7871 10577 9659 4290 12263 12192 4805 10521 7569 12500 6863 3815 6811 783 6806 3944 6944 898 6822 959 6922 3852 3904 906 6963 11828 9795 9918 11835
3 3 10667 1730 10678
3 16 7785 12543 10559 12622 4719 4792 12557 12629 4555 7648 12348 10499 6988 6937 11801 814
3 5 7785 12543 7848 10675 7832
2 3 7785 10681 4762
3 4 7785 12660 7851 10678
3 9 957 6989 11750 6684 664 6686 11643 10466 12189
2 15 957 11879 6944 898 6822 959 6922 3852 3904 906 6963 11828 9795 9918 11835
2 10 12189 7266 3963 12136 1343 7249 4841 7868 1742 855
2 24 12189 10466 11643 6686 12500 6863 3815 6811 783 6806 3944 6944 898 6822 959 6922 3852 3904 906 6963 11828 9795 9918 11835
1 6 855 1742 1755 1820 1322 12446
3 27 1599 4534 3667 666 3672 6702 11690 11693 9705 9722 11727 6796 9415 6468 11400 6503 3489 9516 9540 11555 9464 6528 9529 6428 11436 11296 11351
1 4 1599 12309 4605 11645
1 4 1599 12309 4605 11674
3 29 654 9626 1530 4534 3667 666 3672 6702 11690 11693 9705 9722 11727 6796 9415 6468 11400 6503 3489 9516 9540 11555 9464 6528 9529 6428 11436 11296 11351
1 2 654 772
3 31 772 3656 6669 6671 1530 4534 3667 666 3672 6702 11690 11693 9705 9722 11727 6796 9415 6468 11400 6503 3489 9516 9540 11555 9464 6528 9529 6428 11436 11296 11351
3 32 12320 3564 12441 6669 6671 1530 4534 3667 666 3672 6702 11690 11693 9705 9722 11727 6796 9415 6468 11400 6503 3489 9516 9540 11555 9464 6528 9529 6428 11436 11296 11351
2 2 12320 6997
2 4 12320 12450 1539 11674
2 3 6997 4755 1896
1 5 7661 1536 4614 4477 11645
1 3 7661 1536 12434
3 28 11645 6763 6436 1455 666 3672 6702 11690 11693 9705 9722 11727 6796 9415 6468 11400 6503 3489 9516 9540 11555 9464 6528 9529 6428 11436 11296 11351
1 2 11645 11674
2 34 11674 1539 11708 12380 12441 6669 6671 1530 4534 3667 666 3672 6702 11690 11693 9705 9722 11727 6796 9415 6468 11400 6503 3489 9516 9540 11555 9464 6528 9529 6428 11436 11296 11351
2 3 12434 10454 4901
3 3 1896 12793 4901
2 2 4901 4609
1 3 4609 4637 4580
2 4 4609 4553 12793 1896
2 2 4580 10837
2 2 5098 9816
2 3 5098 12773 8040
1 2 9816 8040
2 5 9816 10523 4553 12793 1896
3 2 10837 10922
2 3 8040 8125 10922
2 2 2026 1963
2 3 1963 8031 4966
3 2 7953 5005
3 3 5005 5089 8117
3 3 5005 5089 10797
3 2 8117 10797
2 2 8117 4966
3 2 8117 12832
3 2 10797 12832
3 2 7982 1889
2 2 1889 4891
2 3 5029 1957 5073
2 2 5037 12883
3 3 5037 1923 8073
2 3 12883 1923 8073
2 4 8073 5006 4924 10840
3 5 12727 7995 10923 4968 5027
3 3 4974 2057 5027
3 6 4974 5058 12749 10850 1955 12702
1 2 10760 8020
3 2 7960 10904
3 2 2029 12821
2 4 2029 4976 4924 10840
2 3 12821 4924 10840
1 2 12821 5074
3 6 4333 1375 10308 1680 1418 1391
3 3 4333 7407 7335
3 19 4333 4232 10239 4281 7326 7383 4337 1303 12170 12198 12227 7313 7341 4294 1210 1378 4354 1305 1278
3 9 4333 4232 10239 4281 7326 7383 4277 10220 10275
3 11 9453 7322 12254 7370 7438 4322 12298 12270 4354 1305 1278
3 5 9453 642 475 3593 11701
3 7 9453 6615 11442 11552 432 508 9526
3 8 1391 7741 12619 1309 4670 4685 7708 4661
3 12 1391 7741 12619 1309 4670 4685 7708 10235 1287 10292 7407 7335
3 16 1391 1229 12285 12115 12143 10140 12198 12227 7313 7341 4294 1210 1378 4354 1305 1278
3 4 1391 7741 7874 4780
3 8 1391 7741 12619 1309 4670 12616 10202 1797
3 8 4661 12594 4867 12635 7784 10680 12529 10619
3 6 4661 7350 1287 10292 7407 7335
3 3 4661 12613 1797
3 21 10619 7795 7711 12385 4492 12487 10508 10452 7600 7354 4227 4376 1429 4394 7341 4294 1210 1378 4354 1305 1278
2 3 10619 12601 12526
1 4 1825 10408 10660 1459
3 21 1825 10408 10660 4686 10366 4636 10353 7657 7600 7354 4227 4376 1429 4394 7341 4294 1210 1378 4354 1305 1278
2 4 1825 10408 10530 10488
3 6 10435 12454 13207 7641 4523 11701
3 3 10435 12324 1493
3 6 10435 12454 10348 10406 7563 7477
3 16 10435 10395 7541 12474 12163 12108 12179 10253 7370 7438 4322 12298 12270 4354 1305 1278
3 6 11701 1517 4563 10406 7563 7477
3 14 11701 3593 475 13008 12235 12254 7370 7438 4322 12298 12270 4354 1305 1278
3 19 1459 10148 10366 4636 10353 7657 7600 7354 4227 4376 1429 4394 7341 4294 1210 1378 4354 1305 1278
1 4 1459 11687 4629 7775
2 3 1459 10187 12430
2 2 1459 10488
2 5 1493 7618 1649 10470 1554
1 3 1493 12491 8099
3 4 1493 7635 7563 7477
3 17 1554 10420 7486 4581 4300 4374 4303 1314 1429 4394 7341 4294 1210 1378 4354 1305 1278
1 2 1554 7775
1 4 1554 1623 1573 7639
3 19 7775 4629 7501 7507 4578 4638 7600 7354 4227 4376 1429 4394 7341 4294 1210 1378 4354 1305 1278
1 3 7775 10671 7639
2 4 7775 4629 11687 12430
2 4 7639 10671 1919 12430
1 4 7639 12722 12239 12218
1 4 7639 756 7584 12877
3 3 12430 10187 10488
3 27 12430 12581 2058 12370 5062 4768 1591 10146 7711 12385 4492 12487 10508 10452 7600 7354 4227 4376 1429 4394 7341 4294 1210 1378 4354 1305 1278
2 3 12430 1384 12218
3 26 10488 2058 12370 5062 4768 1591 10146 7711 12385 4492 12487 10508 10452 7600 7354 4227 4376 1429 4394 7341 4294 1210 1378 4354 1305 1278
1 5 8099 12491 4599 7563 7477
3 29 12218 7224 4542 4467 4923 12370 5062 4768 1591 10146 7711 12385 4492 12487 10508 10452 7600 7354 4227 4376 1429 4394 7341 4294 1210 1378 4354 1305 1278
1 4 12218 12248 10852 12877
1 3 10737 10852 12877
1 2 10737 10826
1 3 12877 7984 1995
1 3 1995 2078 5064
2 2 5064 5105
1 2 10826 12717
1 6 12717 4998 1978 7975 8044 5105
1 6 5105 7847 4990 7903 10139 8007
1 2 1179 3456
1 3 10772 10066 8007
1 4 10772 10066 9084 8106
1 2 10772 12822
3 2 2086 12868
3 2 2086 11955
3 2 2086 4915
3 3 2086 2054 1908
3 3 12868 2032 11955
3 4 12868 12041 12876 12718
3 3 12868 2054 1908
3 3 11955 10794 4915
2 5 11955 5002 9951 1377 12137
1 5 11955 5002 10021 7374 4386
2 3 4915 5086 12137
3 3 4915 2054 1908
3 2 4915 10807
2 2 4045 12137
2 2 4045 5055
2 3 4045 2036 10807
2 3 4045 5040 4410
2 2 12137 5055
2 3 12137 1377 4299
1 5 12137 1377 8114 7374 4386
2 3 5055 12777 4299
1 11 5055 12777 9973 7064 7334 1541 10361 7537 7593 4644 10077
2 3 5055 7938 4410
1 10 4299 9973 7064 7334 1541 10361 7537 7593 4644 10077
1 3 4299 1983 4386
2 3 1637 12035 10358
1 5 1637 4544 7593 4644 10077
2 5 10358 1444 7220 4062 4245
1 4 10358 1444 4204 10077
1 2 4245 10077
2 7 12338 10389 10443 4616 7124 12050 4245
1 3 12338 5310 4987
3 6 10088 10116 12462 11978 10001 10255
3 2 4984 12718
3 2 4984 1908
3 3 4984 4149 12829
2 3 4984 10847 1980
3 3 12718 12844 1908
3 6 1908 2054 7905 2092 1199 12829
3 4 1908 2054 7905 10807
3 5 12829 1199 2092 7080 10807
2 2 12829 12743
2 5 12829 1103 4064 1144 10118
2 5 10807 7080 10816 4106 12743
2 6 10807 7080 10816 2105 10872 7430
1 5 10807 2036 1949 4953 10801
1 6 12743 12080 10872 4950 12799 10801
1 3 12743 8076 11952
2 5 12743 8076 11993 10019 4072
1 10 4410 7938 12786 10751 1541 10361 7537 7593 4644 10077
1 2 4410 10801
1 3 10801 12854 4883
3 3 4883 10030 7430
2 4 4883 4557 12420 10401
3 3 4883 7619 5019
2 5 7430 10030 4950 12799 10801
3 2 7430 10311
3 3 7430 12781 5019
2 3 7430 7177 4072
2 6 10401 12420 1579 7090 10001 10255
2 3 8087 11950 5019
2 5 8087 1317 4365 4321 7340
2 13 8087 1317 10296 10756 5032 4278 12105 7250 12295 12142 12182 12269 1349
3 2 10311 5019
2 3 10311 7060 4072
3 5 10311 5063 4353 10270 1349
3 7 5019 12226 1359 12142 12182 12269 1349
2 4 3456 4003 4110 1980
2 3 9975 1144 10118
2 4 9975 1103 12886 4984
1 2 9975 11952
2 5 10118 1144 4064 12886 4984
1 5 11952 7150 4187 7013 1349
1 4 11952 11993 10019 4072
2 14 1349 12269 12182 12142 12295 7250 12105 4278 10208 8100 8011 10808 8067 7363
2 4 1349 12269 7232 10210
2 15 4072 7119 10270 12182 12142 12295 7250 12105 4278 10208 8100 8011 10808 8067 7363
2 12 10210 7232 4395 7250 12105 4278 10208 8100 8011 10808 8067 7363
2 6 10278 7436 4420 10808 8067 7363
2 13 10278 1344 12734 8100 10208 4278 12105 7250 12295 12142 12182 12269 1349
3 4 10255 4237 7297 7340
2 14 7340 4321 4365 10296 10756 5032 4278 12105 7250 12295 12142 12182 12269 1349
3 2 12247 7363
2 3 12247 10274 7447
2 2 7363 4315
2 3 7363 10274 7447
2 10 4315 12146 8100 5032 10799 7411 12142 12182 12269 1349
2 3 4315 4344 10190
2 3 4315 12275 7447
2 11 10190 7244 1412 8100 5032 10799 7411 12142 12182 12269 1349
2 3 10190 7391 7447
2 2 7344 1213
1 3 10154 1417 12256
2 4 10154 12127 4336 1403
1 3 12256 4626 4585
2 5 12256 1417 4293 12238 1403
1 5 12256 1417 4293 1253 1488
1 5 1607 7603 4175 1990 4496
2 10 1403 12125 10193 4319 7367 10221 12195 12388 10425 12360
2 6 7408 10250 12195 12388 12373 12360
3 4 7572 10411 1357 12360
3 4 7572 7353 7531 4496
2 11 1488 1253 7312 7559 7544 7338 10221 12195 12388 10425 12360
2 4 1488 7492 7531 4496
2 4 12360 10425 12431 7601
2 3 7601 12417 1374
2 4 7601 10467 4251 10177
3 3 1374 12210 4379
2 3 7376 7319 10177
2 2 7376 7432
3 4 7376 12260 10261 4401
2 7 1244 7225 12224 12195 12388 12373 12360
2 3 1244 10134 10177
3 6 1244 7292 1353 4359 7404 7432
2 6 10177 4251 12264 10438 10425 12360
2 5 10177 1353 4359 7404 7432
2 2 4075 1185
3 7 4334 4405 10162 7271 12176 7347 4401
2 10 4401 7347 12176 1605 1400 4363 1248 7229 10309 4379
3 3 10313 4424 7427
3 7 10313 4367 12271 12255 4384 1376 12215
3 5 7427 4412 10297 1376 12215
2 19 12131 7236 4371 1337 1394 12201 1281 1308 4388 12220 12122 4392 7587 7367 10221 12195 12388 10425 12360
3 5 12131 1279 4310 1364 12215
3 4 7371 7387 10285 4396
2 4 4396 2117 2047 7415
2 6 4396 2117 7424 2170 4335 1316
2 7 10199 12186 4338 1335 10269 8091 4396
1 5 10199 10240 12228 12243 7415
3 8 12268 10322 1274 1313 12165 1342 10279 7381
2 12 10225 12212 1373 10294 12138 7308 12209 4320 4361 1342 10279 7381
2 3 10225 12184 12168
1 3 10225 12343 10382
3 9 12168 1277 7463 12302 7673 4652 1648 10509 7658
2 5 12168 1277 12181 10354 10382
2 5 12168 1277 7463 12302 10522
2 4 7658 12488 8360 10522
1 5 10382 10354 1460 4446 10522
2 12 10382 7368 10194 7440 12138 7308 12209 4320 4361 1342 10279 7381
3 9 7381 12249 7421 4434 7642 10135 12293 4390 4608
3 3 7381 12249 1386
2 7 1386 7223 7642 10135 12293 4390 4608
3 3 1386 7223 12277
3 6 12277 7642 4434 7421 12249 7381
3 4 12277 1413 4390 4608
3 3 4608 10479 12472
3 8 12472 1209 10135 7642 4434 7421 12249 7381
3 3 12472 7654 4273
3 3 2184 12110 7296
2 6 2184 5176 5226 4236 1404 7415
2 4 2184 12280 10310 7227
2 4 2184 2170 4335 1316
2 10 7296 1225 1416 12252 12225 7355 7299 4236 1404 7415
3 6 7296 12110 10138 12280 10310 7227
2 4 1316 10282 4409 7227
2 6 7227 12955 2170 7424 2117 4396
2 7 10263 1589 10464 12330 7336 1518 12358
3 3 7598 4308 12358
3 9 10153 10197 7311 10169 1289 4262 4307 1098 12358
3 3 4273 7293 10191
3 5 1355 4358 1339 13001 12190
2 9 4468 7512 7487 4524 7585 1546 4552 10396 12371
1 8 12371 10990 11004 11018 12428 5135 12931 12237
2 8 12371 10423 12400 12240 1389 4393 7614 12154
3 17 12213 10298 10167 4423 10165 7323 10265 1221 12236 10306 1372 12279 4228 1311 1340 4373 1224
3 10 4288 1221 10265 7323 10165 1415 12253 4350 4368 12213
3 12 1421 4399 7389 7417 10300 10243 12217 12245 12188 1293 4269 1224
3 4 4801 12686 4729 12669
3 6 4801 4732 10704 1725 12614 12544
3 13 4801 7752 7749 12612 4655 12448 1608 12348 10499 6988 6937 11801 814
3 5 12669 7806 12541 12614 12544
3 3 12669 10558 7803
3 12 12669 10632 4856 4655 12448 1608 12348 10499 6988 6937 11801 814
3 8 12544 10634 10560 1781 7727 4783 10899 7803
3 3 12544 4777 10669
3 4 10627 1877 7773 10669
3 2 7035 10044
3 16 7035 9959 4158 10434 7540 12012 7508 4547 5092 12713 5007 1575 7571 1180 10421 1519
3 2 10044 12019
3 4 10044 11937 1171 4105
3 2 11916 1001
3 4 11916 7094 10008 1146
3 4 11916 10040 9995 10098
3 4 12019 7104 4173 4105
3 4 12019 1125 10014 7191
3 3 4105 1099 1146
3 4 4105 4173 10014 7191
3 3 4105 1099 11913
3 3 1001 4148 1146
3 5 1001 4005 4123 4082 4031
3 13 1001 1161 1121 12055 7025 12069 9987 11962 10003 11996 9969 11761 9843
3 5 1146 11994 10017 4203 7035
3 2 1146 11913
3 6 11771 987 892 964 3783 1150
3 9 11771 846 9831 11836 9927 6852 11855 3881 814
3 6 11771 846 916 3913 3932 6947
3 6 11771 987 3895 3839 6860 11835
3 6 4196 4169 10042 4113 11961 1110
3 8 4196 7027 11986 7071 10010 10093 9938 4165
3 4 4196 1166 12057 1006
3 5 4196 4169 10069 4099 1055
3 3 1110 10084 1006
3 4 1110 12030 1053 4183
3 7 1110 11961 10012 4070 9972 11947 1055
3 4 1006 4053 7141 4165
3 5 1006 10084 12030 1053 4183
3 7 12732 2022 556 1933 7911 531 7256
3 5 12732 1630 6638 1985 5025
3 5 12732 5057 12776 12750 7803
3 3 12732 10490 12815
3 5 5025 1933 7911 531 7256
3 4 5025 1647 10733 1976
3 3 1047 1202 4050
3 6 1047 12095 10080 9970 9942 4183
3 4 1047 7152 1187 1087
3 4 4165 1078 1162 4050
3 5 4165 7141 4081 1053 4183
3 4 11981 7135 4160 1070
3 4 11981 10105 1131 1087
3 5 11981 4023 1018 11926 7137
3 11 4050 1162 1120 9970 12014 9997 7128 7168 10404 4480 12017
3 5 4050 1162 11945 9942 4183
3 8 1087 4152 7210 10121 12014 9970 9942 4183
3 8 7137 4077 10459 4085 4532 10616 4325 1010
3 7 7137 4077 10459 1625 7606 7446 1319
3 3 1010 9939 1474
3 3 1010 4431 6999
3 12 1474 7577 7521 10039 10404 7168 7128 9997 12014 9970 9942 4183
3 4 1474 7577 4480 12017
3 3 1474 10822 4896
3 4 1474 9939 4141 6999
3 2 7656 10098
3 2 7656 9958
3 3 7656 4066 7126
3 3 7656 4114 4144
3 2 10098 7126
3 3 9958 1139 4144
3 3 4144 4058 12062
3 4 12467 7167 10462 7580
3 3 12467 4130 1612
3 3 7580 4009 10474
3 3 1612 7609 10474
3 5 10474 7019 8072 7948 11865
3 4 7097 10517 12310 12017
3 3 7097 13143 12350
3 5 7097 10517 7665 10006 4896
3 5 7097 1640 11988 7653 3992
3 3 7097 13143 4156
3 10 12017 4480 10404 7168 7128 9997 12014 9970 9942 4183
3 4 12017 12310 7502 12350
3 4 12017 7665 10006 4896
2 3 12017 10377 4125
3 6 12350 9982 9970 1120 12095 1047
2 3 12350 7159 4125
3 3 12350 1448 4156
3 3 12350 1448 4183
3 5 4896 10822 10304 4141 6999
2 5 4125 11918 9970 9942 4183
3 5 4525 12609 10629 12880 7803
3 6 4525 7631 10507 4469 12344 1519
3 3 4525 7631 12432
3 10 4525 10424 7048 7545 1489 952 3955 6969 11822 12043
3 14 7803 12880 10629 1853 4856 4655 12448 1608 12348 10499 6988 6937 11801 814
3 13 4031 4082 1076 12055 7025 12069 9987 11962 10003 11996 9969 11761 9843
3 2 11928 4091
3 5 3992 7653 10501 12495 4156
3 2 3992 1628
3 2 4156 4183
3 9 4506 4561 1499 11903 12478 10426 7633 3881 814
3 4 4506 1588 12618 7832
3 6 4506 7582 7652 11744 7663 6947
3 17 7832 10675 7848 10541 12622 4719 4792 12557 12629 4555 7648 12348 10499 6988 6937 11801 814
3 4 7832 10675 7848 10678
3 12 6947 3932 1567 4572 930 1499 11903 12478 10426 7633 3881 814
3 8 6947 11850 11781 6963 11828 9795 9918 11835
3 7 12815 11448 4313 7397 12882 531 7256
3 4 12815 1882 8018 7940
3 5 12815 10817 10787 1257 2045
3 7 7940 8018 1882 10817 10787 1257 2045
3 4 7940 8018 4964 8059
3 4 1976 2006 4295 7256
3 2 1976 10257
3 3 10257 4295 7256
3 4 10257 4167 10144 11865
3 11 7105 1184 12074 10102 1069 7189 11980 11996 9969 11761 9843
3 3 7105 1200 4205
3 5 7105 1184 7089 4157 9971
3 8 4037 1069 7189 11980 11996 9969 11761 9843
3 4 4037 7055 1154 9971
3 6 12093 11944 4137 10068 11761 9843
3 11 9971 1154 7055 12045 1069 7189 11980 11996 9969 11761 9843
3 2 1519 1531
3 5 1519 12344 1203 1027 12432
3 4 1519 12344 12078 12062
3 5 1519 12344 12078 4093 4190
3 6 12432 10480 6828 12026 4140 9843
3 9 12432 7158 828 10397 952 3955 6969 11822 12043
3 5 12432 1027 4208 7000 4190
3 3 6999 7240 1395
3 5 6999 4141 10304 4041 11865
3 3 6999 7240 2030
3 2 4925 1395
3 3 4925 10132 2045
3 4 7256 2091 10144 11865
3 2 7256 2045
3 3 7256 12274 2030
3 2 11865 2030
3 4 2030 8026 1367 2045
2 3 5033 10741 8059
3 2 5033 4994
2 4 8059 5080 10918 4994
2 5 4994 8121 1991 8029 1961
2 8 1961 8029 12784 2010 10755 10918 5080 8059
2 5 1961 10802 5042 1970 2015
3 27 2015 1766 4923 12370 5062 4768 1591 10146 7711 12385 4492 12487 10508 10452 7600 7354 4227 4376 1429 4394 7341 4294 1210 1378 4354 1305 1278
2 4 2015 7790 5016 8086
3 23 12526 1840 1591 10146 7711 12385 4492 12487 10508 10452 7600 7354 4227 4376 1429 4394 7341 4294 1210 1378 4354 1305 1278
1 4 12526 1703 4682 8086
2 3 12526 4770 4709
3 25 8086 4682 1703 1840 1591 10146 7711 12385 4492 12487 10508 10452 7600 7354 4227 4376 1429 4394 7341 4294 1210 1378 4354 1305 1278
2 4 8086 7702 4770 4709
3 10 4709 10545 7792 12864 1943 5011 10755 10918 5080 8059
3 3 7191 11991 1096
3 3 9974 7058 1096
3 3 9843 11822 12043
3 8 9843 11761 9969 11996 10003 7092 1188 12062
3 5 9843 4140 12026 7109 4190
3 12 814 9873 972 7575 10499 12348 1608 11752 4612 7048 10424 4525
3 3 814 900 12043
3 2 12062 4190
3 7 12043 10068 9969 10022 4032 1188 12062
3 6 4190 4032 10022 9969 10068 12043
3 4 4052 9790 912 11835
3 3 4052 10065 7155
3 6 4052 7171 10083 848 4004 7125
3 10 11835 9918 9795 11828 11775 852 6928 848 4004 7125
3 2 7125 7221
3 11 1003 12040 9981 848 6928 852 11775 11828 9795 9918 11835
3 2 1003 7155
3 11 7155 11915 7070 848 6928 852 11775 11828 9795 9918 11835
3 14 7221 1100 9936 7021 1148 11958 848 6928 852 11775 11828 9795 9918 11835
3 17 1054 12060 4086 12089 4103 9936 7021 1148 11958 848 6928 852 11775 11828 9795 9918 11835
2 4 1054 12060 4056 7121
2 3 1054 12085 11948
2 14 7121 11912 12011 7021 1148 11958 848 6928 852 11775 11828 9795 9918 11835
3 18 11948 10110 4126 7175 7204 1100 9936 7021 1148 11958 848 6928 852 11775 11828 9795 9918 11835
3 2 1092 10052
3 6 1092 9968 1167 10055 12031 7072
3 8 10052 7050 1191 7145 1167 10055 12031 7072
3 4 10052 11985 1025 7110
3 3 3962 9859 6994
3 3 1117 4122 1024
3 7 1117 11989 4000 1113 7016 4100 1182
3 3 1117 11989 10015
3 2 1182 4188
3 2 1182 1097
3 7 1182 4100 7016 1113 4000 11908 10015
3 7 4188 4100 7016 1113 4000 11908 10015
3 5 1097 993 1113 4118 1024
3 3 1097 12072 7087
3 2 7072 7113
3 2 7072 11960
3 5 7072 1051 4054 4142 10125
3 3 7113 1051 11960
3 6 11960 1067 7102 10032 10128 10015
3 4 11960 1067 4172 10125
3 2 7110 9950
3 3 7110 4164 11925
3 4 4102 11949 12006 11925
3 4 11925 10092 7046 4179
3 3 4179 4094 9965
3 2 9965 7072
3 2 7169 1024
3 4 7169 12056 3848 6994
3 5 1024 4118 7016 4100 1182
3 3 10125 12097 7087
3 3 10125 7187 10015
3 4 7087 7157 9998 1182
3 3 7087 10100 10015
2 2 11987 10013
3 3 10013 1194 10070
3 3 10013 10113 9945
3 3 10013 4199 7215
3 4 10070 1194 10113 9945
3 2 10070 7069
2 3 10070 1079 10023
3 2 7215 12100
1 3 4108 4139 10023
2 2 4108 7203
2 2 7069 10023
3 4 7069 11943 1102 7203
3 2 7203 12857
3 3 7203 5046 4920
3 3 7958 12018 13074
3 4 1145 11939 7166 4046
2 7 1145 4146 7040 12020 10045 4150 4116
3 3 1145 9964 1013
3 5 4046 10078 12051 7081 1160
3 4 4116 3991 7008 13074
3 3 1160 4163 9994
3 3 12888 7149 9960
3 3 9960 1126 13074
3 2 7617 7630
3 3 7617 4624 4611
3 2 11969 9994
3 5 11969 7180 7077 1037 11935
3 4 9994 1046 4061 11935
3 4 1149 4194 7209 9980
3 4 1149 1189 10067 7154
3 6 11954 10123 12094 4151 1204 7082
3 3 7011 10073 11964
3 2 7011 12004
3 3 11964 10005 7011
3 3 11964 7091 4076
3 2 7011 12004
3 2 12004 4143
3 3 12004 10126 9957
3 6 4076 4145 1071 11910 10061 11967
3 5 4076 4145 992 3996 7011
3 2 11967 9989
3 4 11974 12044 7073 1028
3 2 11974 10028
3 3 4143 10126 9957
3 3 10844 1206 1028
3 3 10844 4910 5069
3 4 10844 12771 4138 12836
3 4 10844 10745 7989 2046
3 3 1028 12071 1151
3 5 1151 12071 1064 11999 10844
3 2 1151 10028
3 4 5069 7156 11999 1028
3 2 5069 1977
3 3 9957 1080 10028
3 3 5012 10875 7992
3 3 7992 5077 12710
3 2 8058 10915
3 2 8058 8015
3 2 8058 2012
3 2 4948 12710
3 2 4948 7972
3 2 4989 7972
3 2 4989 12834
3 2 4989 12834
3 2 4948 7972
3 2 4948 12710
3 2 7972 8015
3 2 7972 2100
3 2 12710 8015
3 2 8015 2100
3 2 2100 12834
3 2 2100 2012
3 2 2100 12802
3 2 12834 12858
3 2 12751 5045
3 2 12751 12838
3 2 12751 8008
3 2 2012 10915
3 2 2012 12802
3 2 5045 8008
3 3 5045 5070 5039
3 2 2044 7930
3 3 2044 10788 5101
3 2 7930 5101
3 3 7930 7954 12851
3 3 7930 7954 7950
3 2 5101 12707
3 2 12707 2056
3 2 12707 7950
3 2 2056 1891
3 2 2056 1891
3 4 9152 4897 4978 1473
3 9 9152 1883 5084 12719 11934 12808 12847 1181 4941
3 3 9152 2081 3123
3 2 9152 7963
1 2 1993 11194
3 2 1993 7963
3 4 1473 4978 4897 3123
3 4 2088 12862 4918 1914
3 2 2088 2046
3 2 2088 5017
2 3 2088 12862 2040
3 3 1914 12887 12800
2 3 1914 4918 2040
3 2 12800 12744
2 2 12800 7912
2 2 12725 1977
2 3 12725 7989 2046
3 4 1977 10902 7989 2046
3 6 12836 4138 8105 10745 7989 2046
3 2 10827 12744
3 3 10827 8052 5060
3 2 10827 4033
3 2 12744 4033
3 4 5060 1960 10857 4033
3 9 5060 1960 5084 12719 11934 12808 12847 1181 4941
3 4 4033 10908 10877 7912
3 2 4033 10764
2 4 10764 10908 10877 7912
3 4 10764 1953 7996 2096
3 3 2096 10877 7912
3 2 2096 10859
2 2 10859 7912
2 3 10859 8019 8062
3 2 10859 11145
3 3 12766 12723 5017
2 4 12766 2072 5041 5097
3 3 5017 12723 1984
3 5 5017 12723 2072 5041 5097
2 2 1984 5097
2 2 1984 2040
2 5 1984 2072 5041 7980 5010
3 2 1984 7944
1 2 5097 4954
2 2 5097 7944
1 2 5097 5010
2 5 5097 7980 12714 12757 4995
1 2 2040 4954
1 3 2040 2009 7912
1 2 4954 5010
1 3 4954 12856 7912
2 4 7944 5041 7980 5010
1 3 5010 10734 8062
1 2 5010 8036
1 4 8036 12714 7980 5097
2 3 8036 10775 4995
1 3 7912 8019 8062
2 2 8062 4995
2 3 8062 8019 11145
3 2 4995 2063
3 2 12991 2063
3 5 12991 10928 8164 11014 8062
3 3 12991 5065 12840
3 3 2063 2020 12840
2 7 12840 1964 12812 12757 12714 7980 5097
2 5 10833 5068 12714 7980 5097
2 4 4985 8124 7980 5097
3 2 12858 12802
3 3 12858 1909 2038
3 3 12858 1909 5039
3 2 8008 5039
3 3 5039 2094 2038
3 2 5039 7959
3 2 7959 8006
3 2 7959 5039
3 2 8006 5039
3 2 8006 10762
3 2 10762 8122
3 5 10803 5013 8065 5070 5039
3 2 10803 12742
3 2 10803 12742
3 2 8071 12851
3 3 8071 10836 7950
3 5 8071 7983 8065 5070 5039
3 2 8071 8096
3 3 8071 10836 8039
3 3 8071 10836 8039
3 2 12851 7950
3 5 12851 7983 8065 5070 5039
3 2 12851 7983
3 4 7983 8065 5070 5039
3 5 12742 10862 12785 12843 10919
3 5 12742 5013 8065 5070 5039
3 2 12742 12787
3 5 12787 5013 8065 5070 5039
3 2 12787 8096
3 2 12787 8039
3 2 12787 8039
3 5 8096 7983 8065 5070 5039
3 2 8096 8039
3 2 10919 2050
3 2 10919 12874
3 2 10919 12731
3 2 2050 10919
3 2 2050 12731
3 2 2050 4952
3 2 12731 12817
3 3 12731 12900 8034
3 2 4952 12900
3 2 4952 8034
3 2 12900 8034
3 3 12900 2025 8021
3 3 4952 8034 10831
3 2 4952 8034
3 2 8034 10831
3 2 10831 6039
3 3 4889 1992 8034
2 2 4889 8109
2 2 4889 11194
3 3 8021 1992 8034
3 2 8109 4997
3 2 8109 5028
3 2 1969 1891
3 2 1969 4972
3 2 4972 5028
1 2 8109 11194
2 2 8109 7963
3 2 4997 5028
3 2 6039 5036
3 3 6039 10831 8034
3 3 6039 10831 8034
2 6 5036 2080 9137 7978 1992 8034
2 2 5036 8244
2 4 11194 7978 1992 8034
2 2 11194 7963
2 2 11194 11012
3 2 12830 11012
3 3 12830 11108 1974
2 3 12830 11108 3165
2 7 12830 6008 5054 9137 7978 1992 8034
2 2 12830 12824
2 5 11012 9137 7978 1992 8034
3 8 1974 5084 12719 11934 12808 12847 1181 4941
2 2 3165 12824
2 6 3165 11934 12808 12847 1181 4941
2 2 5139 8244
2 2 5139 10948
2 6 8244 2080 9137 7978 1992 8034
2 2 8244 10948
2 7 10948 3109 5054 9137 7978 1992 8034
2 7 2192 3109 5054 9137 7978 1992 8034
2 2 2192 12975
3 2 8107 4982
2 2 8107 5008
2 7 2192 3109 5054 9137 7978 1992 8034
2 2 10968 2115
2 2 7716 8016
3 3 7716 4128 7548
2 3 4515 1817 12907
3 3 4515 1817 10594
2 2 12907 7161
2 2 7161 4941
2 3 7161 10858 8048
2 5 4941 1181 12847 1950 8048
2 4 4941 1181 12783 2154
2 3 4941 1181 3854
1 3 4941 1181 9962
1 2 4941 2220
2 2 8048 8016
2 4 8048 10951 10883 12824
2 7 12824 6008 5054 9137 7978 1992 8034
2 5 2154 12783 12847 1950 8048
3 2 8248 5158
2 2 2115 12975
3 2 5158 12958
3 2 2126 4735
3 2 2126 12391
3 2 4735 12391
3 3 4735 1552 8054
3 2 4735 13217
3 6 4735 12519 7770 12940 12963 4851
3 2 7548 8054
3 3 7872 1874 4851
3 2 7872 13217
3 2 7872 2216
3 2 12989 3854
3 2 12989 12929
2 2 3854 9962
2 3 3854 4171 2220
3 2 12929 11145
3 9 11145 8223 7133 2034 11934 12808 12847 1181 4941
2 2 10860 5196
2 5 10976 10761 12927 8133 8062
2 6 5196 6020 10761 12927 8133 8062
1 2 9962 2220
2 3 2220 8144 2176
3 2 2196 8183
3 3 2196 8182 12944
3 2 2196 8205
3 2 8183 8205
2 6 8183 5224 2206 10932 4171 9962
3 2 12944 8201
3 4 12944 2202 10972 12908
3 3 8201 10972 12908
2 2 12967 8205
2 3 12967 10988 2176
3 2 8245 5177
3 3 8245 1688 2151
3 2 8245 8178
3 2 5177 7842
3 2 5177 2151
3 2 2180 12908
2 2 12950 5155
2 2 12950 12908
1 2 12950 12986
3 2 2120 5155
3 4 2123 2217 10972 12908
3 2 2159 12908
2 2 12908 12986
2 2 10929 7842
3 2 10929 4851
3 2 10929 2216
3 2 7842 4851
2 2 7842 2151
3 2 4851 2151
3 3 2151 4851 10929
3 4 8214 10668 1509 5203
3 2 8214 2213
3 3 8214 10525 4851
3 3 1580 12963 4851
3 2 1580 13217
3 3 4879 10978 12921
3 2 4879 2229
3 5 4879 7770 12940 12963 4851
3 7 12921 8136 10957 7770 12940 12963 4851
3 6 13217 12519 7770 12940 12963 4851
3 6 2229 10963 7605 12940 12963 4851
3 3 2229 5154 5189
3 5 5189 7605 12940 12963 4851
3 2 5189 5203
3 2 12589 12692
2 5 12589 10415 12419 4822 4696
3 2 12692 12589
2 3 12692 4822 4696
3 3 12589 12547 4696
3 3 5203 1509 5231
3 4 5203 1509 10668 2213
3 4 5203 12940 12963 4851
3 4 5203 1509 10668 2213
2 2 4696 4584
3 2 4696 1833
2 2 4584 1833
2 2 4584 5231
3 5 4584 10697 12419 10415 12589
2 3 1833 4584 5231
3 2 1833 7576
2 3 7576 4584 5231
2 2 7576 4556
3 2 7576 1468
3 7 5231 12648 12064 2171 10566 1688 2151
2 2 4556 1468
2 6 4556 1494 2171 10566 1688 2151
3 2 10400 2213
3 5 10400 2171 10566 1688 2151
3 3 2213 5217 5106
3 6 1468 1494 2171 10566 1688 2151
3 2 1468 8178
2 5 8178 7900 10566 1688 2151
2 2 5128 8188
2 3 8180 12956 2200
2 4 8180 11015 5185 8188
3 4 10765 10848 2069 12833
2 5 10765 13214 12827 12745 10830
3 6 8119 7964 12859 1892 12461 1562
3 4 12833 13215 12461 1562
2 7 12833 2069 8012 5071 12827 12745 10830
3 8 10830 12745 12827 5071 5044 10914 1972 12552
1 2 10830 4898
3 10 4898 10916 12850 12897 2037 8097 5044 10914 1972 12552
2 5 4898 10916 12850 10800 10746
3 2 12835 10769
3 2 12835 10746
3 9 12811 2104 12897 2037 8097 5044 10914 1972 12552
3 3 12811 2060 10769
3 2 12811 10746
3 9 10746 10800 12897 2037 8097 5044 10914 1972 12552
1 3 12804 10172 4956
2 3 12804 10172 5052
2 2 4956 5021
2 2 4956 2008
2 2 4956 2011
3 12 5052 12873 7921 4946 8057 1945 4977 8033 13214 12827 12745 10830
3 2 5052 13089
3 2 5052 2008
3 4 12810 10732 8079 5021
3 2 12810 10889
3 3 12810 8089 1965
3 2 12810 10773
3 3 5021 7913 1965
3 3 10889 2021 12867
3 2 10889 10773
2 2 12867 4904
3 2 13089 12746
3 2 13089 4887
3 2 2008 4887
3 2 2008 2011
3 3 12746 2051 4887
3 2 4887 5066
3 2 4887 12755
3 3 4887 10832 1965
3 3 5066 10832 1965
3 2 1965 12755
3 2 1965 2011
3 2 2011 12755
3 6 12753 8236 12712 10730 10832 1965
2 2 12753 10842
2 2 12715 4904
3 2 10886 10842
3 2 10886 12823
3 2 12823 13093
3 2 13093 12865
3 2 12865 2031
3 2 2031 2075
2 2 12738 12865
3 3 2075 10728 12865
2 3 13087 13092 12738
2 2 13087 12878
3 2 12878 4611
2 4 7630 10482 4969 2023
3 3 7622 10498 7451
1 2 4641 1594
2 3 4641 7632 7660
2 3 7660 7632 1594
3 2 4982 12828
2 3 4982 12716 1981
2 2 12828 8107
2 2 10747 10790
2 2 10747 2023
3 2 10747 5026
1 2 10790 2023
1 2 10790 12872
1 2 2023 12872
2 4 2023 12703 10864 12790
2 3 2023 12703 1937
2 4 12790 10864 4969 12872
3 2 12790 1937
3 3 1937 12845 10747
3 2 1937 1944
3 2 7991 8047
2 2 2007 10792
3 2 2007 5026
3 2 10792 5026
2 2 10792 8050
3 2 8113 8024
3 2 8113 10855
3 3 8024 10736 10879
3 4 8024 8080 10823 1981
3 2 10855 4526
2 5 10855 1997 2052 12845 1937
3 5 1944 12772 2052 7993 10747
2 2 10879 1981
2 3 10879 10849 5214
2 2 8050 5083
2 2 12798 8047
2 4 8047 8252 11020 10942
2 2 10942 2156
2 2 8213 12869
2 2 12969 12983
2 2 12997 2162
2 3 12997 2225 12953
3 2 12997 12983
2 2 2162 12983
1 2 2162 12953
1 2 2162 5166
1 2 12953 5166
2 3 12953 5202 2210
1 2 5166 2182
2 3 5166 5202 2210
2 2 2182 2210
1 3 2182 8225 5230
3 4 2210 13086 13195 5230
3 5 5131 2174 5146 5171 11000
3 2 5131 10952
3 4 8217 12994 5171 11000
1 2 5230 8157
2 3 5230 13195 10952
1 4 5230 8225 5188 12917
2 2 8157 10952
1 3 8157 12930 5179
3 5 10952 2174 5146 5171 11000
2 6 5179 12930 2174 5146 5171 11000
1 3 5179 12979 5229
2 4 5229 12979 8203 10973
1 2 5229 2224
1 4 12973 10996 8225 5230
2 3 12973 2142 8175
2 3 12973 10982 12939
1 3 12917 8191 5166
2 3 12917 10960 5216
2 2 12917 12939
1 3 11000 5192 8195
1 2 650 8222
1 2 650 10992
3 2 8222 12984
1 3 12984 8229 650
1 2 12984 8251
1 4 2161 8161 11005 10953
1 3 2161 2169 12952
1 6 5209 5201 8218 8198 10961 2161
2 2 5209 11009
3 2 2209 10973
3 2 2209 2152
3 2 2209 12922
3 2 2209 12943
3 2 10973 5200
3 2 2152 2173
3 2 2152 2194
2 3 2152 12901 5178
3 2 2152 12922
3 2 2173 2194
3 2 2173 12964
3 2 2173 8238
3 2 2173 2106
3 2 2173 12922
2 2 2194 5178
3 2 12364 12351
3 2 12364 10515
3 2 12351 10515
3 3 1639 12494 12321
3 2 12321 10981
3 2 12964 8238
3 2 12964 5213
3 2 12964 2106
3 2 10515 7500
3 4 7500 5163 2172 5213
3 3 7500 5163 10975
3 2 7500 10985
3 2 5213 2106
3 2 5213 10986
1 8 5213 8169 8255 12978 2136 12928 2179 650
3 2 2106 10986
3 2 2106 12922
3 2 10986 12943
3 2 12922 12943
1 2 11001 2224
1 2 11001 8216
2 2 12942 10975
2 2 12942 10985
2 2 12942 5152
2 2 12942 2158
1 7 10975 8255 12978 2136 12928 2179 650
3 2 10975 10985
3 2 10985 5152
3 2 5152 2158
2 3 5152 12970 10964
2 4 5152 12970 8215 10992
2 3 5152 12970 11021
2 2 2158 10964
2 2 10964 10992
2 3 10992 8215 11021
1 5 11021 8192 12920 5121 12984
3 2 10981 12982
3 3 10981 12349 10953
3 3 12982 11005 10953
1 5 10953 8176 8161 5169 12954
3 2 10953 12952
1 5 12952 2169 8161 5169 12954
2 3 10934 12919 5083
2 3 10934 1979 5232
2 2 10934 5008
2 2 5083 5214
2 2 5232 8175
2 2 5232 12939
2 2 5008 4980
2 2 5008 5214
2 4 12853 12999 2214 10956
3 2 12853 5220
3 3 5200 12951 8224
2 3 8175 2147 12939
3 2 8140 5208
3 2 2227 10933
3 2 2227 5168
3 3 5168 10939 10998
3 3 10998 8143 10946
3 4 10998 1524 4617 8242
3 3 10946 4617 8242
3 10 10946 8197 10419 11002 8196 4570 7589 8226 12334 10980
3 3 10946 8184 10392
3 3 8242 8184 10392
3 3 10392 12422 5223
3 3 7476 10931 5223
3 3 7476 8210 12479
3 4 12479 2185 5172 10980
3 2 12479 10360
3 3 10980 8190 12996
3 4 10980 5172 10432 10513
3 8 12996 2153 10999 8196 11002 10419 8197 10946
3 2 10513 10360
3 2 10513 5167
3 4 5167 7553 8181 8239
3 4 8239 8181 4533 10405
2 2 5178 12466
3 4 10405 4548 12396 10447
3 3 10447 4436 7638
3 4 12406 4864 4673 12560
3 4 12560 12532 10581 7755
3 5 7649 4453 4500 1537 12406
3 5 7649 2163 10977 12934 8249
3 3 8249 2130 12932
3 10 8249 12934 2116 1570 12451 10500 7664 7450 7520 12406
3 3 7798 12576 7755
3 6 7755 5161 10455 10682 12435 12406
3 8 12932 2130 2146 5161 10455 10682 12435 12406
3 2 12932 1773
3 7 7564 10445 10458 1611 7450 7520 12406
3 5 7564 7535 7522 4481 12308
3 10 12308 4502 4530 7592 12451 10500 7664 7450 7520 12406
3 10 1773 4791 4776 2155 2146 5161 10455 10682 12435 12406
3 6 5183 5197 12948 2191 10969 8200
3 8 8243 8228 1652 4630 1540 1511 12323 4645
3 7 8200 10949 7608 7579 1511 12323 4645
3 4 4543 1565 7887 4718
2 7 1814 12632 8204 8212 12966 8232 2211
3 6 1814 4804 7692 1786 1746 4718
3 4 2211 2203 5195 2197
3 5 2197 7839 4819 12632 1814
2 3 12237 12193 12154
3 32 11639 9670 6731 727 11689 744 11534 3577 6600 11705 754 9714 11703 6597 409 458 11454 9543 582 11489 6508 3542 238 343 3364 3335 6411 9384 9411 11242 3292 6262
3 5 3617 9621 6670 11625 9660
1 3 5216 8160 5166
2 3 5216 10960 12939
3 9 589 6594 11417 13116 3500 6524 538 6501 3535
3 5 3922 3956 797 3609 11586
3 3 3922 6913 9809
3 5 9809 9821 6889 11816 3924
3 6 9412 9551 3484 6576 11511 3569
3 8 9248 6102 3130 9130 72 75 9199 9131
3 6 12147 13196 10176 4666 12600 7683
3 15 2166 2187 8230 1557 12949 5198 11006 5227 1570 12451 10500 7664 7450 7520 12406
3 19 7335 4389 1382 1312 10508 10452 7600 7354 4227 4376 1429 4394 7341 4294 1210 1378 4354 1305 1278
3 6 7335 4389 1382 1312 12177 10275
3 9 9526 11510 3502 3563 12128 12270 4354 1305 1278
3 14 10275 7392 7337 10164 7410 12227 7313 7341 4294 1210 1378 4354 1305 1278
3 2 8461 4669
3 2 4733 4859
3 3 4733 1729 7809
3 5 4733 10635 12615 4687 4785
2 35 12683 12551 12518 4810 10598 1772 7871 10577 9659 4290 12263 12192 4805 10521 7569 12500 6863 3815 6811 783 6806 3944 6944 898 6822 959 6922 3852 3904 906 6963 11828 9795 9918 11835
2 3 12975 8207 10948
3 6 12147 13196 10176 4666 12600 7683
3 3 12147 7364 3208
3 11 761 7794 10718 777 602 4869 1299 10249 12205 1341 4345
3 3 2216 1874 4851
2 34 1714 10572 4810 10598 1772 7871 10577 9659 4290 12263 12192 4805 10521 7569 12500 6863 3815 6811 783 6806 3944 6944 898 6822 959 6922 3852 3904 906 6963 11828 9795 9918 11835
2 3 1714 4878 10641
3 16 4762 7854 1826 12641 7786 4792 12557 12629 4555 7648 12348 10499 6988 6937 11801 814
2 36 10641 10701 12623 10572 4810 10598 1772 7871 10577 9659 4290 12263 12192 4805 10521 7569 12500 6863 3815 6811 783 6806 3944 6944 898 6822 959 6922 3852 3904 906 6963 11828 9795 9918 11835
3 3 10641 4878 6211
3 2 1722 13060
3 2 1722 6085
3 2 11261 2923
3 2 12687 13065
3 6 12687 10607 12643 10635 1729 7809
3 3 12687 1741 7805
3 5 1837 1697 7863 4703 1735
3 25 1837 1697 10631 4743 10688 12668 7726 4737 12575 4835 7854 1826 12641 7786 4792 12557 12629 4555 7648 12348 10499 6988 6937 11801 814
3 3 1837 4842 7805
3 2 12592 1819
3 2 13062 1819
2 37 1819 4006 4229 11607 12518 4810 10598 1772 7871 10577 9659 4290 12263 12192 4805 10521 7569 12500 6863 3815 6811 783 6806 3944 6944 898 6822 959 6922 3852 3904 906 6963 11828 9795 9918 11835
3 2 13060 6085
3 2 2923 13065
3 20 1735 7828 4737 12575 4835 7854 1826 12641 7786 4792 12557 12629 4555 7648 12348 10499 6988 6937 11801 814
3 5 7809 1729 7781 1679 10576
3 2 1684 4669
3 5 1684 1664 4715 10592 12602
3 19 4780 12521 1294 1775 10170 4340 10284 10168 10140 12198 12227 7313 7341 4294 1210 1378 4354 1305 1278
3 22 11098 10723 9121 10579 1295 9225 6121 6 6202 11025 9232 6133 9065 3167 3066 175 3004 12 11340 9291 9389 11375
3 8 12602 4817 12672 1726 1856 10663 10561 7809
3 11 10576 10673 4681 10617 4767 1674 10555 1860 1733 12679 10696
2 30 10678 12657 7763 4725 10655 7801 10722 7672 4551 10215 12443 6863 3815 6811 783 6806 3944 6944 898 6822 959 6922 3852 3904 906 6963 11828 9795 9918 11835
3 14 1797 10537 4734 10652 12515 1369 1685 10580 10712 10639 4724 7744 10544 4785
