1 14
1 17
1 35
1 105
1 117
1 121
1 156
1 158
1 185
1 188
1 221
1 241
1 242
1 265
1 299
1 300
1 306
1 309
1 321
1 333
1 362
1 377
1 381
1 382
1 383
1 391
1 400
1 406
1 413
1 418
1 462
1 474
1 476
1 478
1 482
1 490
1 493
1 494
1 495
1 499
1 502
1 512
1 514
1 525
1 529
1 552
1 564
1 575
1 587
1 589
1 590
1 599
1 611
1 624
1 646
1 650
1 654
1 657
1 663
1 671
1 673
1 692
1 693
1 700
1 705
1 708
1 731
1 733
1 740
1 755
1 758
1 761
1 771
1 772
1 773
1 778
1 788
1 799
1 814
1 819
1 853
1 855
1 857
1 858
1 859
1 870
1 885
1 895
1 905
1 911
1 928
1 940
1 947
1 949
1 955
1 957
1 969
1 974
1 975
1 979
1 982
1 1001
1 1003
1 1006
1 1010
1 1013
1 1024
1 1028
1 1047
1 1048
1 1054
1 1055
1 1070
1 1086
1 1087
1 1092
1 1096
1 1097
1 1106
1 1110
1 1117
1 1145
1 1146
1 1149
1 1150
1 1151
1 1160
1 1179
1 1182
1 1185
1 1201
1 1205
1 1213
1 1224
1 1244
1 1278
1 1316
1 1319
1 1349
1 1352
1 1355
1 1356
1 1374
1 1386
1 1391
1 1395
1 1403
1 1408
1 1421
1 1459
1 1468
1 1473
1 1474
1 1488
1 1493
1 1506
1 1519
1 1527
1 1531
1 1554
1 1562
1 1580
1 1594
1 1599
1 1607
1 1612
1 1618
1 1628
1 1637
1 1639
1 1655
1 1672
1 1678
1 1684
1 1690
1 1714
1 1722
1 1734
1 1735
1 1773
1 1797
1 1814
1 1815
1 1819
1 1825
1 1827
1 1830
1 1833
1 1836
1 1837
1 1848
1 1851
1 1872
1 1889
1 1891
1 1896
1 1908
1 1914
1 1937
1 1944
1 1961
1 1963
1 1965
1 1969
1 1974
1 1976
1 1977
1 1980
1 1981
1 1984
1 1993
1 1995
1 2007
1 2008
1 2011
1 2012
1 2015
1 2023
1 2026
1 2029
1 2030
1 2031
1 2038
1 2040
1 2043
1 2044
1 2045
1 2046
1 2050
1 2056
1 2063
1 2075
1 2086
1 2088
1 2089
1 2096
1 2097
1 2100
1 2106
1 2115
1 2120
1 2123
1 2126
1 2151
1 2152
1 2154
1 2156
1 2158
1 2159
1 2161
1 2162
1 2166
1 2173
1 2176
1 2180
1 2182
1 2184
1 2192
1 2194
1 2196
1 2197
1 2200
1 2209
1 2210
1 2211
1 2213
1 2216
1 2220
1 2224
1 2227
1 2229
1 2407
1 2923
1 3010
1 3022
1 3083
1 3122
1 3123
1 3151
1 3152
1 3164
1 3165
1 3208
1 3234
1 3272
1 3288
1 3299
1 3301
1 3312
1 3320
1 3326
1 3338
1 3353
1 3369
1 3379
1 3392
1 3444
1 3456
1 3458
1 3488
1 3497
1 3498
1 3501
1 3509
1 3516
1 3522
1 3529
1 3535
1 3544
1 3549
1 3552
1 3559
1 3569
1 3580
1 3585
1 3601
1 3604
1 3605
1 3606
1 3614
1 3617
1 3630
1 3645
1 3650
1 3652
1 3655
1 3663
1 3673
1 3685
1 3686
1 3696
1 3701
1 3706
1 3707
1 3713
1 3732
1 3750
1 3763
1 3775
1 3778
1 3780
1 3796
1 3816
1 3823
1 3846
1 3854
1 3866
1 3870
1 3878
1 3882
1 3893
1 3918
1 3922
1 3924
1 3938
1 3957
1 3962
1 3973
1 3976
1 3984
1 3992
1 4029
1 4031
1 4033
1 4037
1 4045
1 4046
1 4050
1 4052
1 4072
1 4075
1 4076
1 4088
1 4091
1 4102
1 4105
1 4108
1 4109
1 4111
1 4112
1 4116
1 4125
1 4143
1 4144
1 4156
1 4165
1 4166
1 4168
1 4179
1 4183
1 4188
1 4190
1 4196
1 4205
1 4206
1 4245
1 4261
1 4273
1 4288
1 4299
1 4315
1 4333
1 4334
1 4345
1 4379
1 4386
1 4396
1 4401
1 4410
1 4468
1 4496
1 4506
1 4515
1 4525
1 4526
1 4540
1 4543
1 4550
1 4556
1 4567
1 4580
1 4584
1 4585
1 4607
1 4608
1 4609
1 4611
1 4622
1 4640
1 4641
1 4645
1 4661
1 4669
1 4696
1 4709
1 4718
1 4733
1 4735
1 4741
1 4744
1 4753
1 4762
1 4765
1 4780
1 4785
1 4794
1 4797
1 4799
1 4800
1 4801
1 4830
1 4833
1 4851
1 4854
1 4859
1 4872
1 4879
1 4883
1 4887
1 4889
1 4891
1 4896
1 4898
1 4901
1 4904
1 4915
1 4920
1 4925
1 4941
1 4948
1 4952
1 4954
1 4956
1 4966
1 4972
1 4974
1 4975
1 4980
1 4982
1 4984
1 4985
1 4987
1 4989
1 4994
1 4995
1 4997
1 5005
1 5008
1 5010
1 5012
1 5017
1 5019
1 5021
1 5025
1 5026
1 5027
1 5028
1 5029
1 5033
1 5036
1 5037
1 5039
1 5045
1 5052
1 5055
1 5060
1 5064
1 5066
1 5069
1 5073
1 5074
1 5083
1 5097
1 5098
1 5101
1 5105
1 5106
1 5128
1 5131
1 5139
1 5152
1 5155
1 5158
1 5166
1 5167
1 5168
1 5177
1 5178
1 5179
1 5183
1 5189
1 5196
1 5200
1 5203
1 5208
1 5209
1 5213
1 5214
1 5216
1 5220
1 5223
1 5229
1 5230
1 5231
1 5232
1 6039
1 6050
1 6085
1 6103
1 6105
1 6115
1 6211
1 6226
1 6232
1 6235
1 6247
1 6259
1 6262
1 6278
1 6280
1 6282
1 6287
1 6318
1 6326
1 6331
1 6332
1 6336
1 6338
1 6349
1 6354
1 6364
1 6377
1 6380
1 6384
1 6389
1 6395
1 6418
1 6429
1 6446
1 6469
1 6488
1 6489
1 6499
1 6521
1 6535
1 6540
1 6542
1 6550
1 6555
1 6558
1 6560
1 6562
1 6573
1 6582
1 6583
1 6598
1 6606
1 6609
1 6613
1 6626
1 6651
1 6657
1 6666
1 6679
1 6680
1 6685
1 6700
1 6703
1 6706
1 6717
1 6720
1 6726
1 6732
1 6742
1 6766
1 6778
1 6780
1 6788
1 6793
1 6794
1 6812
1 6817
1 6831
1 6843
1 6845
1 6846
1 6850
1 6855
1 6857
1 6866
1 6882
1 6890
1 6906
1 6927
1 6930
1 6934
1 6935
1 6947
1 6972
1 6973
1 6974
1 6984
1 6994
1 6997
1 6999
1 7011
1 7035
1 7069
1 7072
1 7082
1 7087
1 7096
1 7097
1 7105
1 7107
1 7110
1 7113
1 7121
1 7125
1 7126
1 7127
1 7137
1 7138
1 7154
1 7155
1 7161
1 7169
1 7183
1 7191
1 7193
1 7202
1 7203
1 7213
1 7215
1 7221
1 7227
1 7256
1 7296
1 7315
1 7335
1 7340
1 7344
1 7361
1 7363
1 7371
1 7375
1 7376
1 7381
1 7394
1 7408
1 7415
1 7427
1 7430
1 7432
1 7447
1 7451
1 7454
1 7458
1 7476
1 7477
1 7500
1 7548
1 7552
1 7554
1 7564
1 7572
1 7576
1 7580
1 7598
1 7601
1 7604
1 7617
1 7622
1 7624
1 7630
1 7638
1 7639
1 7649
1 7656
1 7658
1 7660
1 7661
1 7683
1 7716
1 7755
1 7775
1 7782
1 7785
1 7789
1 7791
1 7798
1 7802
1 7803
1 7805
1 7809
1 7832
1 7837
1 7842
1 7853
1 7869
1 7872
1 7912
1 7930
1 7940
1 7944
1 7950
1 7953
1 7958
1 7959
1 7960
1 7963
1 7972
1 7982
1 7983
1 7991
1 7992
1 8006
1 8007
1 8008
1 8015
1 8016
1 8020
1 8021
1 8024
1 8034
1 8036
1 8039
1 8040
1 8047
1 8048
1 8050
1 8054
1 8058
1 8059
1 8062
1 8071
1 8073
1 8085
1 8086
1 8087
1 8096
1 8099
1 8106
1 8107
1 8109
1 8113
1 8117
1 8119
1 8122
1 8123
1 8140
1 8157
1 8175
1 8178
1 8180
1 8183
1 8188
1 8195
1 8200
1 8201
1 8205
1 8213
1 8214
1 8216
1 8217
1 8222
1 8224
1 8238
1 8239
1 8242
1 8243
1 8244
1 8245
1 8248
1 8249
1 8251
1 8461
1 9075
1 9108
1 9131
1 9151
1 9152
1 9177
1 9206
1 9248
1 9263
1 9279
1 9289
1 9292
1 9296
1 9297
1 9302
1 9303
1 9304
1 9320
1 9335
1 9340
1 9392
1 9412
1 9417
1 9427
1 9431
1 9453
1 9461
1 9478
1 9486
1 9497
1 9498
1 9503
1 9507
1 9517
1 9522
1 9525
1 9526
1 9536
1 9548
1 9559
1 9570
1 9582
1 9595
1 9608
1 9609
1 9612
1 9620
1 9627
1 9638
1 9642
1 9648
1 9654
1 9660
1 9661
1 9665
1 9667
1 9671
1 9680
1 9687
1 9692
1 9693
1 9708
1 9716
1 9727
1 9737
1 9753
1 9764
1 9771
1 9780
1 9800
1 9805
1 9809
1 9814
1 9816
1 9817
1 9823
1 9833
1 9837
1 9843
1 9849
1 9860
1 9894
1 9898
1 9902
1 9904
1 9907
1 9916
1 9930
1 9932
1 9940
1 9945
1 9950
1 9957
1 9958
1 9960
1 9962
1 9965
1 9971
1 9974
1 9975
1 9980
1 9989
1 9994
1 10013
1 10015
1 10023
1 10028
1 10041
1 10044
1 10052
1 10063
1 10070
1 10077
1 10088
1 10098
1 10106
1 10118
1 10125
1 10153
1 10154
1 10177
1 10190
1 10191
1 10199
1 10210
1 10225
1 10230
1 10245
1 10255
1 10257
1 10263
1 10275
1 10278
1 10311
1 10313
1 10337
1 10358
1 10360
1 10382
1 10392
1 10400
1 10401
1 10405
1 10407
1 10435
1 10447
1 10472
1 10474
1 10488
1 10493
1 10513
1 10515
1 10522
1 10540
1 10576
1 10586
1 10594
1 10595
1 10618
1 10619
1 10627
1 10641
1 10662
1 10667
1 10669
1 10678
1 10687
1 10696
1 10707
1 10716
1 10737
1 10746
1 10747
1 10760
1 10762
1 10764
1 10765
1 10769
1 10772
1 10773
1 10790
1 10792
1 10797
1 10801
1 10803
1 10807
1 10826
1 10827
1 10830
1 10831
1 10833
1 10837
1 10840
1 10842
1 10844
1 10855
1 10859
1 10860
1 10879
1 10886
1 10889
1 10904
1 10909
1 10915
1 10919
1 10922
1 10929
1 10933
1 10934
1 10942
1 10946
1 10948
1 10952
1 10953
1 10956
1 10964
1 10968
1 10973
1 10975
1 10976
1 10980
1 10981
1 10985
1 10986
1 10992
1 10998
1 11000
1 11001
1 11009
1 11012
1 11021
1 11076
1 11091
1 11094
1 11098
1 11105
1 11136
1 11145
1 11149
1 11159
1 11168
1 11194
1 11202
1 11251
1 11261
1 11293
1 11297
1 11349
1 11351
1 11370
1 11372
1 11375
1 11379
1 11388
1 11404
1 11435
1 11437
1 11445
1 11479
1 11483
1 11496
1 11499
1 11504
1 11506
1 11516
1 11535
1 11542
1 11544
1 11547
1 11549
1 11559
1 11561
1 11563
1 11574
1 11581
1 11584
1 11586
1 11600
1 11627
1 11636
1 11639
1 11644
1 11645
1 11654
1 11666
1 11668
1 11669
1 11670
1 11672
1 11674
1 11679
1 11691
1 11701
1 11702
1 11714
1 11716
1 11742
1 11746
1 11747
1 11767
1 11771
1 11794
1 11797
1 11800
1 11805
1 11810
1 11811
1 11817
1 11818
1 11834
1 11835
1 11851
1 11857
1 11865
1 11866
1 11887
1 11913
1 11916
1 11925
1 11928
1 11935
1 11948
1 11952
1 11954
1 11955
1 11960
1 11964
1 11967
1 11969
1 11974
1 11975
1 11981
1 11984
1 11987
1 12004
1 12017
1 12019
1 12029
1 12043
1 12058
1 12062
1 12093
1 12100
1 12124
1 12131
1 12137
1 12147
1 12149
1 12154
1 12168
1 12189
1 12190
1 12213
1 12215
1 12218
1 12237
1 12247
1 12256
1 12268
1 12277
1 12308
1 12312
1 12313
1 12320
1 12321
1 12338
1 12350
1 12351
1 12357
1 12358
1 12360
1 12361
1 12364
1 12369
1 12371
1 12381
1 12391
1 12401
1 12406
1 12416
1 12430
1 12432
1 12434
1 12446
1 12456
1 12458
1 12459
1 12466
1 12467
1 12472
1 12473
1 12479
1 12497
1 12501
1 12504
1 12505
1 12512
1 12526
1 12544
1 12552
1 12553
1 12560
1 12578
1 12586
1 12589
1 12592
1 12602
1 12603
1 12611
1 12627
1 12646
1 12669
1 12682
1 12683
1 12687
1 12692
1 12698
1 12700
1 12702
1 12707
1 12710
1 12715
1 12717
1 12718
1 12725
1 12726
1 12727
1 12731
1 12732
1 12738
1 12742
1 12743
1 12744
1 12746
1 12751
1 12753
1 12755
1 12766
1 12782
1 12787
1 12790
1 12798
1 12800
1 12802
1 12804
1 12810
1 12811
1 12815
1 12817
1 12821
1 12822
1 12823
1 12824
1 12828
1 12829
1 12830
1 12832
1 12833
1 12834
1 12835
1 12836
1 12838
1 12839
1 12840
1 12851
1 12853
1 12857
1 12858
1 12865
1 12867
1 12868
1 12869
1 12872
1 12874
1 12877
1 12878
1 12883
1 12888
1 12900
1 12907
1 12908
1 12917
1 12921
1 12922
1 12929
1 12932
1 12939
1 12942
1 12943
1 12944
1 12950
1 12952
1 12953
1 12954
1 12958
1 12964
1 12967
1 12969
1 12973
1 12975
1 12982
1 12983
1 12984
1 12986
1 12989
1 12991
1 12996
1 12997
1 13011
1 13060
1 13062
1 13065
1 13074
1 13075
1 13087
1 13089
1 13093
1 13217
