
state={
	id=512
	name="STATE_512"
	resources={
		chromium=10.000
	}

	history={
		owner = SOV
		victory_points = {
			11351 7 
		}
		buildings = {
			infrastructure = 5
			industrial_complex = 8
			arms_factory = 4
			air_base = 4

		}
		add_core_of = SOV
	}

	provinces={
		232 275 313 324 330 340 367 376 396 413 437 471 473 510 534 3199 3221 3257 3266 3291 3302 3317 3318 3322 3332 3346 3360 3371 3387 3389 3469 3504 3527 3554 3566 3567 6248 6284 6291 6317 6329 6341 6343 6369 6391 6398 6409 6428 6432 6477 6494 6553 6587 6591 9245 9258 9276 9286 9312 9324 9339 9344 9367 9376 9394 9407 9422 9424 9448 9489 9552 9579 11227 11258 11262 11269 11296 11309 11323 11324 11351 11363 11381 11394 11396 11412 11436 11475 11540 
	}
	manpower=557860
	buildings_max_level_factor=1.000
	state_category=megalopolis

	local_supplies=10.0
}
