
state={
	id=517
	name="STATE_517"
	resources={
		chromium=8.000
		oil=10.000
		steel=121.000
		tungsten=34.000
	}

	history={
		owner = SOV
		victory_points = {
			4261 7 
		}
		buildings = {
			infrastructure = 5
			industrial_complex = 8
			arms_factory = 4
			air_base = 4

		}
		add_core_of = SOV
	}

	provinces={
		273 291 338 365 410 452 497 499 566 1210 1258 1278 1305 1350 1378 1406 3289 3330 3348 3404 3406 3486 3490 3517 3551 4215 4261 4265 4283 4311 4324 4354 4383 4411 6246 6285 6308 6339 6368 6379 6424 6430 6473 6479 6502 6515 6539 6574 6601 7237 7281 7300 7343 7373 7416 7431 7444 9337 9349 9385 9420 9432 9445 9447 9473 9475 9487 9549 9577 10136 10142 10196 10224 10226 10256 10299 10301 11321 11389 11395 11421 11433 11458 11460 11523 11537 11538 12117 12128 12130 12172 12200 12242 12270 12298 
	}
	manpower=1011126
	buildings_max_level_factor=1.000
	state_category=megalopolis

	local_supplies=10.0
}
