
state={
	id=523
	name="STATE_523"
	resources={
		aluminium=42.000
		chromium=71.000
		steel=1.000
	}

	history={
		owner = SOV
		victory_points = {
			7898 7 
		}
		buildings = {
			infrastructure = 5
			industrial_complex = 8
			arms_factory = 4
			air_base = 4

		}
		add_core_of = SOV
	}

	provinces={
		31 45 88 123 146 189 206 237 272 278 305 359 361 370 381 390 1295 1307 1336 1365 1380 1754 3000 3027 3103 3127 3139 3264 3270 3280 3294 3300 3363 4298 4314 4326 4356 4372 4400 4802 4874 6025 6121 6124 6162 6171 6191 6217 6224 6274 6278 6288 6297 6323 6372 6383 6388 7318 7346 7359 7375 7403 7712 7824 7898 9145 9146 9192 9214 9225 9270 9283 9293 9370 9390 9402 10200 10216 10286 10314 10551 10579 10677 11087 11111 11124 11133 11149 11170 11193 11195 11203 11228 11255 11263 11286 11320 11352 11354 11365 12175 12187 12203 12216 12244 12393 12502 12527 12558 12587 12626 12659 
	}
	manpower=543162
	buildings_max_level_factor=1.000
	state_category=megalopolis

	local_supplies=10.0
}
