
state={
	id=565
	name="STATE_565"
	resources={
		aluminium=4.000
		chromium=40.000
		steel=114.000
		tungsten=89.000
	}

	history={
		owner = SCA
		victory_points = {
			9151 2 
		}
		buildings = {
			infrastructure = 4
			#industrial_complex = 1
			##arms_factory = 1
			11091 = {
				naval_base = 10
			}
			air_base = 1

		}
		add_core_of = SCA
	}

	provinces={
		11 22 38 44 49 58 61 64 76 91 101 109 118 125 128 130 145 148 151 173 182 184 190 192 201 205 2995 3003 3016 3034 3040 3044 3045 3048 3054 3058 3062 3082 3088 3095 3100 3104 3113 3126 3132 3138 3145 3173 3179 6015 6023 6024 6055 6063 6067 6071 6074 6079 6083 6092 6107 6111 6125 6130 6132 6152 6155 6161 6165 6168 6170 6187 6200 6206 6208 6214 9035 9042 9051 9064 9083 9088 9089 9093 9095 9108 9116 9117 9126 9128 9134 9141 9143 9147 9151 9175 9178 9186 9191 9208 9211 9220 9226 11026 11034 11040 11050 11058 11060 11063 11067 11069 11073 11077 11090 11091 11102 11104 11112 11120 11123 11129 11147 11152 11155 11157 11169 11185 11190 11201 11208 11209 
	}
	manpower=461678
	buildings_max_level_factor=1.000
	state_category=town

	local_supplies=10.0
}
