
state={
	id=573
	name="STATE_573"
	resources={
		chromium=8.000
		steel=9.000
	}

	history={
		owner = SCA
		victory_points = {
			158 2 
		}
		buildings = {
			infrastructure = 4
			#industrial_complex = 2
			##arms_factory = 1
			3122 = {
				naval_base = 10
			}
			air_base = 1

		}
		add_core_of = SCA
	}

	provinces={
		7 30 63 66 82 103 120 124 132 141 158 162 167 193 195 197 203 2992 3026 3030 3055 3068 3069 3073 3097 3107 3115 3119 3122 3125 3149 3153 3156 3158 3172 3185 3193 6012 6013 6033 6045 6061 6076 6078 6081 6087 6128 6134 6137 6138 6141 6142 6146 6156 6179 6183 6198 6210 6212 9038 9061 9104 9106 9112 9140 9156 9166 9169 9181 9189 9219 9223 9233 11024 11030 11033 11041 11065 11076 11079 11081 11085 11115 11121 11125 11126 11130 11132 11141 11142 11144 11164 11167 11199 11204 11210 
	}
	manpower=645831
	buildings_max_level_factor=1.000
	state_category=large_town

	local_supplies=10.0
}
